0 0.906498 0.168384 0.00950872 0.0103011
0 0.333597 0.632726 0.0110935 0.0118859
0 0.861331 0.546355 0.0110935 0.0103011
1 0.880745 0.984548 0.0118859 0.0118859
1 0.405705 0.694929 0.0110935 0.0110935
1 0.171553 0.131537 0.0118859 0.0110935
0 0.88233 0.543185 0.0103011 0.0103011
0 0.816561 0.103011 0.0103011 0.0110935
0 0.796751 0.303883 0.0103011 0.0103011
0 0.358162 0.153328 0.0126783 0.0118859
1 0.450872 0.378764 0.0110935 0.0110935
1 0.0114897 0.479794 0.0103011 0.0103011
0 0.920364 0.523772 0.0118859 0.0110935
0 0.542393 0.335578 0.0103011 0.0103011
0 0.784469 0.81141 0.0110935 0.0110935
1 0.545563 0.341918 0.0103011 0.0103011
0 0.815372 0.571712 0.0110935 0.0118859
0 0.864897 0.54477 0.0103011 0.0103011
1 0.908875 0.179873 0.00950872 0.00950872
1 0.906894 0.359746 0.0118859 0.0110935
1 0.820919 0.172742 0.0110935 0.0110935
0 0.526545 0.805864 0.0118859 0.0110935
0 0.544374 0.805864 0.0110935 0.0110935
0 0.0146593 0.968304 0.0118859 0.0110935
1 0.888669 0.545563 0.0103011 0.0103011
0 0.381537 0.431062 0.0118859 0.0110935
0 0.931062 0.520602 0.0110935 0.0110935
1 0.456022 0.37916 0.0118859 0.0118859
1 0.366878 0.161252 0.0126783 0.0118859
1 0.719097 0.464739 0.0118859 0.0118859
0 0.522979 0.295166 0.0110935 0.0103011
0 0.79794 0.572108 0.0110935 0.0110935
1 0.444136 0.658479 0.0103011 0.0110935
1 0.28645 0.989699 0.0118859 0.0110935
0 0.0245642 0.564184 0.0110935 0.0110935
1 0.89065 0.976624 0.0126783 0.0118859
1 0.287639 0.590333 0.0110935 0.0110935
1 0.343899 0.396197 0.0110935 0.0110935
1 0.566165 0.312995 0.0118859 0.0110935
0 0.922742 0.879952 0.0118859 0.0118859
1 0.421157 0.406894 0.0103011 0.0103011
0 0.687797 0.520206 0.0110935 0.0103011
1 0.39065 0.923534 0.0110935 0.0118859
0 0.560618 0.574089 0.0118859 0.0118859
1 0.0166403 0.573693 0.0110935 0.0110935
1 0.639065 0.985341 0.0103011 0.0103011
0 0.311014 0.960777 0.0118859 0.0118859
1 0.929477 0.891838 0.0110935 0.0118859
0 0.977021 0.717908 0.0110935 0.0110935
1 0.553883 0.807845 0.0110935 0.0103011
1 0.830824 0.190571 0.0118859 0.0118859
0 0.841521 0.160063 0.0110935 0.0110935
0 0.643819 0.98019 0.0118859 0.0110935
1 0.416006 0.838352 0.0110935 0.0110935
0 0.896593 0.969889 0.0118859 0.0110935
0 0.451664 0.635895 0.0110935 0.0103011
1 0.381141 0.147781 0.0126783 0.0118859
1 0.271791 0.577258 0.0110935 0.0103011
0 0.912441 0.30626 0.0103011 0.0103011
0 0.313391 0.616878 0.0118859 0.0118859
1 0.662441 0.990887 0.0110935 0.0103011
1 0.875991 0.333994 0.0103011 0.0103011
0 0.817353 0.793185 0.0118859 0.0110935
0 0.417195 0.398574 0.0103011 0.0110935
1 0.309033 0.625991 0.0110935 0.0110935
0 0.777734 0.314184 0.0103011 0.0103011
1 0.969889 0.734945 0.0110935 0.0118859
1 0.824881 0.581616 0.0110935 0.0110935
0 0.377575 0.917591 0.0118859 0.0110935
1 0.921553 0.359746 0.0110935 0.0110935
1 0.401743 0.435816 0.0110935 0.0110935
0 0.930269 0.316165 0.0110935 0.0110935
0 0.0511094 0.212758 0.0118859 0.0118859
1 0.849445 0.206022 0.0110935 0.0110935
0 0.935024 0.874802 0.0110935 0.0110935
0 0.409667 0.687005 0.0110935 0.0110935
1 0.366878 0.471474 0.0110935 0.0110935
1 0.689382 0.128764 0.0110935 0.0103011
0 0.449287 0.0106973 0.0126783 0.0118859
0 0.347861 0.374406 0.0110935 0.0118859
0 0.297147 0.184628 0.0110935 0.0110935
1 0.318938 0.967116 0.0118859 0.0118859
1 0.43542 0.813788 0.0118859 0.0110935
0 0.969097 0.352615 0.0110935 0.0110935
0 0.355388 0.149762 0.0134707 0.0126783
1 0.845483 0.48019 0.0110935 0.0110935
0 0.571315 0.306656 0.0110935 0.0110935
0 0.683835 0.121236 0.0110935 0.0110935
1 0.669572 0.348653 0.0110935 0.0110935
0 0.864897 0.153724 0.0118859 0.0110935
0 0.390254 0.126387 0.0118859 0.0118859
1 0.941759 0.134311 0.0118859 0.0118859
1 0.791997 0.82607 0.0118859 0.0118859
1 0.876387 0.990491 0.0110935 0.0110935
1 0.703645 0.470681 0.0110935 0.0110935
1 0.47187 0.735341 0.0118859 0.0110935
0 0.586371 0.776545 0.0110935 0.0110935
1 0.914025 0.984945 0.0118859 0.0110935
1 0.803487 0.578447 0.0110935 0.0110935
0 0.209588 0.775753 0.0118859 0.0110935
0 0.351426 0.635103 0.0118859 0.0118859
0 0.296355 0.580824 0.0110935 0.0110935
1 0.952853 0.407686 0.0103011 0.0103011
1 0.942551 0.431854 0.0118859 0.0126783
0 0.337559 0.152932 0.0110935 0.0110935
1 0.337559 0.651743 0.0110935 0.0118859
1 0.803487 0.822504 0.0110935 0.0110935
0 0.978605 0.106577 0.0110935 0.0103011
1 0.470681 0.810618 0.0110935 0.0110935
0 0.881933 0.962361 0.0110935 0.0118859
1 0.87084 0.160856 0.0110935 0.0110935
0 0.830428 0.311014 0.0110935 0.0118859
0 0.713154 0.43542 0.0110935 0.0103011
1 0.416006 0.713946 0.0110935 0.0110935
1 0.305071 0.329636 0.0110935 0.0110935
1 0.965927 0.90412 0.0110935 0.0110935
1 0.375594 0.714738 0.0110935 0.0110935
0 0.675119 0.32607 0.0110935 0.0118859
0 0.796751 0.804675 0.0118859 0.0118859
0 0.876387 0.137876 0.0110935 0.0110935
0 0.470681 0.143423 0.0110935 0.0110935
1 0.97187 0.14065 0.0103011 0.0103011
1 0.785262 0.370048 0.0110935 0.0110935
1 0.0657686 0.223455 0.0110935 0.0110935
1 0.594295 0.204437 0.0110935 0.0110935
1 0.943344 0.91561 0.0118859 0.0118859
0 0.934231 0.121632 0.0110935 0.0118859
0 0.456815 0.775357 0.0118859 0.0118859
0 0.200079 0.0103011 0.0118859 0.0110935
0 0.859746 0.344295 0.0110935 0.0103011
0 0.345483 0.928288 0.0110935 0.0118859
0 0.299525 0.301109 0.0110935 0.0110935
1 0.280507 0.225832 0.0110935 0.0110935
0 0.430269 0.801109 0.0110935 0.0110935
0 0.559033 0.292393 0.0118859 0.0110935
1 0.820127 0.802298 0.0110935 0.0118859
0 0.921553 0.103803 0.0110935 0.0110935
1 0.532884 0.360935 0.0118859 0.0118859
0 0.394612 0.66878 0.0110935 0.0110935
0 0.809033 0.302298 0.0110935 0.0103011
0 0.884311 0.265452 0.0110935 0.0110935
1 0.0396197 0.990491 0.0110935 0.0110935
0 0.195325 0.328843 0.0118859 0.0110935
0 0.945721 0.38748 0.0103011 0.0110935
0 0.833994 0.775753 0.0118859 0.0110935
1 0.599842 0.480983 0.0110935 0.0110935
1 0.782884 0.113312 0.0110935 0.0110935
0 0.277734 0.551506 0.0103011 0.0110935
0 0.396197 0.4271 0.0110935 0.0110935
0 0.153724 0.711569 0.0110935 0.0110935
1 0.821315 0.346276 0.0103011 0.0110935
1 0.864501 0.3542 0.0110935 0.0110935
1 0.0273376 0.225436 0.0118859 0.0118859
1 0.393423 0.144612 0.0118859 0.0118859
0 0.198098 0.671553 0.0110935 0.0118859
0 0.433043 0.31775 0.0118859 0.0110935
1 0.802298 0.329239 0.0103011 0.0103011
0 0.551109 0.0110935 0.0118859 0.0110935
1 0.354992 0.946117 0.0110935 0.0110935
0 0.3229 0.265452 0.0118859 0.0110935
1 0.651743 0.225832 0.0118859 0.0110935
0 0.710777 0.0669572 0.0110935 0.0103011
0 0.796355 0.0106973 0.0110935 0.0103011
1 0.928685 0.13233 0.0110935 0.0110935
0 0.713154 0.85935 0.0126783 0.0118859
0 0.414422 0.124406 0.0110935 0.0110935
0 0.868859 0.320523 0.0103011 0.0103011
1 0.387876 0.460777 0.0118859 0.0118859
0 0.4687 0.357369 0.0118859 0.0110935
1 0.303487 0.22187 0.0110935 0.0110935
1 0.897781 0.225832 0.0110935 0.0110935
0 0.0732964 0.265055 0.0118859 0.0118859
0 0.979794 0.869255 0.0118859 0.0110935
0 0.956815 0.0522979 0.0103011 0.0110935
1 0.982964 0.118859 0.0103011 0.00950872
1 0.121236 0.454834 0.0110935 0.0110935
0 0.626783 0.161648 0.0110935 0.0110935
0 0.640254 0.265452 0.0110935 0.0110935
1 0.464739 0.170761 0.0118859 0.0118859
1 0.170364 0.730586 0.0110935 0.0110935
0 0.95523 0.821315 0.0118859 0.0118859
1 0.528526 0.0950872 0.0110935 0.0110935
1 0.132726 0.732171 0.0118859 0.0110935
1 0.420761 0.144216 0.0110935 0.0110935
0 0.906498 0.168384 0.00950872 0.0103011
0 0.333597 0.632726 0.0110935 0.0118859
0 0.861331 0.546355 0.0110935 0.0103011
1 0.880745 0.984548 0.0118859 0.0118859
1 0.405705 0.694929 0.0110935 0.0110935
1 0.171553 0.131537 0.0118859 0.0110935
0 0.88233 0.543185 0.0103011 0.0103011
0 0.816561 0.103011 0.0103011 0.0110935
0 0.796751 0.303883 0.0103011 0.0103011
0 0.358162 0.153328 0.0126783 0.0118859
1 0.450872 0.378764 0.0110935 0.0110935
1 0.0114897 0.479794 0.0103011 0.0103011
0 0.920364 0.523772 0.0118859 0.0110935
0 0.542393 0.335578 0.0103011 0.0103011
0 0.784469 0.81141 0.0110935 0.0110935
1 0.545563 0.341918 0.0103011 0.0103011
0 0.815372 0.571712 0.0110935 0.0118859
0 0.864897 0.54477 0.0103011 0.0103011
1 0.908875 0.179873 0.00950872 0.00950872
1 0.906894 0.359746 0.0118859 0.0110935
1 0.820919 0.172742 0.0110935 0.0110935
0 0.526545 0.805864 0.0118859 0.0110935
0 0.544374 0.805864 0.0110935 0.0110935
0 0.0146593 0.968304 0.0118859 0.0110935
1 0.888669 0.545563 0.0103011 0.0103011
0 0.381537 0.431062 0.0118859 0.0110935
0 0.931062 0.520602 0.0110935 0.0110935
1 0.456022 0.37916 0.0118859 0.0118859
1 0.366878 0.161252 0.0126783 0.0118859
1 0.719097 0.464739 0.0118859 0.0118859
0 0.522979 0.295166 0.0110935 0.0103011
0 0.79794 0.572108 0.0110935 0.0110935
1 0.444136 0.658479 0.0103011 0.0110935
1 0.28645 0.989699 0.0118859 0.0110935
0 0.0245642 0.564184 0.0110935 0.0110935
1 0.89065 0.976624 0.0126783 0.0118859
1 0.287639 0.590333 0.0110935 0.0110935
1 0.343899 0.396197 0.0110935 0.0110935
1 0.566165 0.312995 0.0118859 0.0110935
0 0.922742 0.879952 0.0118859 0.0118859
1 0.421157 0.406894 0.0103011 0.0103011
0 0.687797 0.520206 0.0110935 0.0103011
1 0.39065 0.923534 0.0110935 0.0118859
0 0.560618 0.574089 0.0118859 0.0118859
1 0.0166403 0.573693 0.0110935 0.0110935
1 0.639065 0.985341 0.0103011 0.0103011
0 0.311014 0.960777 0.0118859 0.0118859
1 0.929477 0.891838 0.0110935 0.0118859
0 0.977021 0.717908 0.0110935 0.0110935
1 0.553883 0.807845 0.0110935 0.0103011
1 0.830824 0.190571 0.0118859 0.0118859
0 0.841521 0.160063 0.0110935 0.0110935
0 0.643819 0.98019 0.0118859 0.0110935
1 0.416006 0.838352 0.0110935 0.0110935
0 0.896593 0.969889 0.0118859 0.0110935
0 0.451664 0.635895 0.0110935 0.0103011
1 0.381141 0.147781 0.0126783 0.0118859
1 0.271791 0.577258 0.0110935 0.0103011
0 0.912441 0.30626 0.0103011 0.0103011
0 0.313391 0.616878 0.0118859 0.0118859
1 0.662441 0.990887 0.0110935 0.0103011
1 0.875991 0.333994 0.0103011 0.0103011
0 0.817353 0.793185 0.0118859 0.0110935
0 0.417195 0.398574 0.0103011 0.0110935
1 0.309033 0.625991 0.0110935 0.0110935
0 0.777734 0.314184 0.0103011 0.0103011
1 0.969889 0.734945 0.0110935 0.0118859
1 0.824881 0.581616 0.0110935 0.0110935
0 0.377575 0.917591 0.0118859 0.0110935
1 0.921553 0.359746 0.0110935 0.0110935
1 0.401743 0.435816 0.0110935 0.0110935
0 0.930269 0.316165 0.0110935 0.0110935
0 0.0511094 0.212758 0.0118859 0.0118859
1 0.849445 0.206022 0.0110935 0.0110935
0 0.935024 0.874802 0.0110935 0.0110935
0 0.409667 0.687005 0.0110935 0.0110935
1 0.366878 0.471474 0.0110935 0.0110935
1 0.689382 0.128764 0.0110935 0.0103011
0 0.449287 0.0106973 0.0126783 0.0118859
0 0.347861 0.374406 0.0110935 0.0118859
0 0.297147 0.184628 0.0110935 0.0110935
1 0.318938 0.967116 0.0118859 0.0118859
1 0.43542 0.813788 0.0118859 0.0110935
0 0.969097 0.352615 0.0110935 0.0110935
0 0.355388 0.149762 0.0134707 0.0126783
1 0.845483 0.48019 0.0110935 0.0110935
0 0.571315 0.306656 0.0110935 0.0110935
0 0.683835 0.121236 0.0110935 0.0110935
1 0.669572 0.348653 0.0110935 0.0110935
0 0.864897 0.153724 0.0118859 0.0110935
0 0.390254 0.126387 0.0118859 0.0118859
1 0.941759 0.134311 0.0118859 0.0118859
1 0.791997 0.82607 0.0118859 0.0118859
1 0.876387 0.990491 0.0110935 0.0110935
1 0.703645 0.470681 0.0110935 0.0110935
1 0.47187 0.735341 0.0118859 0.0110935
0 0.586371 0.776545 0.0110935 0.0110935
1 0.914025 0.984945 0.0118859 0.0110935
1 0.803487 0.578447 0.0110935 0.0110935
0 0.209588 0.775753 0.0118859 0.0110935
0 0.351426 0.635103 0.0118859 0.0118859
0 0.296355 0.580824 0.0110935 0.0110935
1 0.952853 0.407686 0.0103011 0.0103011
1 0.942551 0.431854 0.0118859 0.0126783
0 0.337559 0.152932 0.0110935 0.0110935
1 0.337559 0.651743 0.0110935 0.0118859
1 0.803487 0.822504 0.0110935 0.0110935
0 0.978605 0.106577 0.0110935 0.0103011
1 0.470681 0.810618 0.0110935 0.0110935
0 0.881933 0.962361 0.0110935 0.0118859
1 0.87084 0.160856 0.0110935 0.0110935
0 0.830428 0.311014 0.0110935 0.0118859
0 0.713154 0.43542 0.0110935 0.0103011
1 0.416006 0.713946 0.0110935 0.0110935
1 0.305071 0.329636 0.0110935 0.0110935
1 0.965927 0.90412 0.0110935 0.0110935
1 0.375594 0.714738 0.0110935 0.0110935
0 0.675119 0.32607 0.0110935 0.0118859
0 0.796751 0.804675 0.0118859 0.0118859
0 0.876387 0.137876 0.0110935 0.0110935
0 0.470681 0.143423 0.0110935 0.0110935
1 0.97187 0.14065 0.0103011 0.0103011
1 0.785262 0.370048 0.0110935 0.0110935
1 0.0657686 0.223455 0.0110935 0.0110935
1 0.594295 0.204437 0.0110935 0.0110935
1 0.943344 0.91561 0.0118859 0.0118859
0 0.934231 0.121632 0.0110935 0.0118859
0 0.456815 0.775357 0.0118859 0.0118859
0 0.200079 0.0103011 0.0118859 0.0110935
0 0.859746 0.344295 0.0110935 0.0103011
0 0.345483 0.928288 0.0110935 0.0118859
0 0.299525 0.301109 0.0110935 0.0110935
1 0.280507 0.225832 0.0110935 0.0110935
0 0.430269 0.801109 0.0110935 0.0110935
0 0.559033 0.292393 0.0118859 0.0110935
1 0.820127 0.802298 0.0110935 0.0118859
0 0.921553 0.103803 0.0110935 0.0110935
1 0.532884 0.360935 0.0118859 0.0118859
0 0.394612 0.66878 0.0110935 0.0110935
0 0.809033 0.302298 0.0110935 0.0103011
0 0.884311 0.265452 0.0110935 0.0110935
1 0.0396197 0.990491 0.0110935 0.0110935
0 0.195325 0.328843 0.0118859 0.0110935
0 0.945721 0.38748 0.0103011 0.0110935
0 0.833994 0.775753 0.0118859 0.0110935
1 0.599842 0.480983 0.0110935 0.0110935
1 0.782884 0.113312 0.0110935 0.0110935
0 0.277734 0.551506 0.0103011 0.0110935
0 0.396197 0.4271 0.0110935 0.0110935
0 0.153724 0.711569 0.0110935 0.0110935
1 0.821315 0.346276 0.0103011 0.0110935
1 0.864501 0.3542 0.0110935 0.0110935
1 0.0273376 0.225436 0.0118859 0.0118859
1 0.393423 0.144612 0.0118859 0.0118859
0 0.198098 0.671553 0.0110935 0.0118859
0 0.433043 0.31775 0.0118859 0.0110935
1 0.802298 0.329239 0.0103011 0.0103011
0 0.551109 0.0110935 0.0118859 0.0110935
1 0.354992 0.946117 0.0110935 0.0110935
0 0.3229 0.265452 0.0118859 0.0110935
1 0.651743 0.225832 0.0118859 0.0110935
0 0.710777 0.0669572 0.0110935 0.0103011
0 0.796355 0.0106973 0.0110935 0.0103011
1 0.928685 0.13233 0.0110935 0.0110935
0 0.713154 0.85935 0.0126783 0.0118859
0 0.414422 0.124406 0.0110935 0.0110935
0 0.868859 0.320523 0.0103011 0.0103011
1 0.387876 0.460777 0.0118859 0.0118859
0 0.4687 0.357369 0.0118859 0.0110935
1 0.303487 0.22187 0.0110935 0.0110935
1 0.897781 0.225832 0.0110935 0.0110935
0 0.0732964 0.265055 0.0118859 0.0118859
0 0.979794 0.869255 0.0118859 0.0110935
0 0.956815 0.0522979 0.0103011 0.0110935
1 0.982964 0.118859 0.0103011 0.00950872
1 0.121236 0.454834 0.0110935 0.0110935
0 0.626783 0.161648 0.0110935 0.0110935
0 0.640254 0.265452 0.0110935 0.0110935
1 0.464739 0.170761 0.0118859 0.0118859
1 0.170364 0.730586 0.0110935 0.0110935
0 0.95523 0.821315 0.0118859 0.0118859
1 0.528526 0.0950872 0.0110935 0.0110935
1 0.132726 0.732171 0.0118859 0.0110935
1 0.420761 0.144216 0.0110935 0.0110935
