1 0.335975 0.942948 0.0110935 0.0110935
0 0.580032 0.044374 0.0126783 0.0126783
1 0.807052 0.550713 0.0103011 0.0110935
0 0.877971 0.38748 0.0110935 0.0110935
0 0.81141 0.546355 0.0110935 0.0103011
0 0.28962 0.161648 0.0118859 0.0110935
1 0.434231 0.723059 0.0110935 0.0103011
0 0.330032 0.143819 0.0118859 0.0118859
1 0.302298 0.169968 0.0118859 0.0118859
0 0.874406 0.880349 0.0118859 0.0110935
0 0.954437 0.181854 0.0118859 0.0118859
1 0.588352 0.458796 0.0118859 0.0110935
0 0.815372 0.0455626 0.0126783 0.0118859
1 0.781696 0.579239 0.0118859 0.0110935
1 0.916799 0.369255 0.0110935 0.0110935
0 0.434231 0.209192 0.0110935 0.0110935
1 0.875594 0.528526 0.0110935 0.0110935
0 0.432647 0.691759 0.0110935 0.0110935
1 0.433835 0.224643 0.0134707 0.0134707
1 0.42393 0.736133 0.0110935 0.0110935
1 0.366086 0.851426 0.0110935 0.0103011
0 0.868859 0.0229794 0.0118859 0.0110935
1 0.872821 0.0265452 0.0118859 0.0118859
1 0.460777 0.669176 0.0103011 0.0103011
1 0.341521 0.94374 0.0110935 0.0110935
1 0.395404 0.590333 0.00950872 0.00950872
0 0.870048 0.524564 0.0110935 0.0110935
0 0.638669 0.520602 0.0110935 0.0110935
0 0.835182 0.0451664 0.0126783 0.0126783
1 0.477021 0.697702 0.0110935 0.0103011
0 0.908082 0.18542 0.0110935 0.0110935
1 0.883122 0.395404 0.0118859 0.0110935
1 0.341918 0.154913 0.0118859 0.0118859
1 0.295959 0.169176 0.0118859 0.0118859
0 0.815372 0.54477 0.0110935 0.0103011
1 0.880349 0.892235 0.0110935 0.0110935
0 0.84271 0.417195 0.0118859 0.0118859
0 0.98336 0.173534 0.0110935 0.0110935
0 0.125198 0.360935 0.0110935 0.0118859
0 0.833994 0.542789 0.0103011 0.00950872
1 0.589144 0.985341 0.0103011 0.0103011
0 0.858162 0.413233 0.0110935 0.0118859
1 0.839937 0.545563 0.0110935 0.0103011
1 0.830428 0.0519017 0.0126783 0.0118859
0 0.594295 0.980586 0.0110935 0.0103011
1 0.424326 0.352615 0.0103011 0.0110935
0 0.882726 0.520998 0.0110935 0.0103011
0 0.885103 0.875594 0.0110935 0.0110935
1 0.0213946 0.446117 0.0110935 0.0110935
1 0.679873 0.889857 0.0110935 0.0110935
1 0.0146593 0.22504 0.0118859 0.0110935
0 0.359746 0.643819 0.0110935 0.0103011
1 0.960777 0.190967 0.0118859 0.0110935
0 0.438193 0.687005 0.0110935 0.0110935
0 0.340333 0.134707 0.0118859 0.0110935
0 0.0269414 0.435816 0.0110935 0.0110935
1 0.355388 0.664422 0.0103011 0.0103011
0 0.451664 0.181458 0.0110935 0.0110935
0 0.799525 0.0447702 0.0126783 0.0118859
1 0.445721 0.731379 0.0118859 0.0110935
0 0.974247 0.706815 0.0118859 0.0110935
1 0.911252 0.370444 0.0110935 0.0103011
0 0.215531 0.265452 0.0110935 0.0110935
1 0.613312 0.991284 0.0110935 0.00950872
0 0.847861 0.970681 0.0110935 0.0110935
0 0.400158 0.0106973 0.0126783 0.0118859
1 0.475436 0.303487 0.0110935 0.0110935
1 0.804279 0.385103 0.0110935 0.0110935
0 0.928685 0.7187 0.0110935 0.0110935
1 0.864501 0.984945 0.0110935 0.0110935
0 0.328843 0.937005 0.0110935 0.0103011
1 0.863708 0.421553 0.0110935 0.0110935
0 0.961965 0.809033 0.0110935 0.0110935
1 0.416006 0.179477 0.0110935 0.0118859
0 0.728605 0.197306 0.0118859 0.0110935
1 0.969097 0.829239 0.0110935 0.0103011
0 0.638273 0.0106973 0.0103011 0.0103011
0 0.403328 0.545959 0.0110935 0.0110935
0 0.536054 0.775753 0.0103011 0.0110935
1 0.457211 0.204437 0.0110935 0.0110935
1 0.681854 0.734548 0.0118859 0.0110935
1 0.840333 0.976624 0.0118859 0.0118859
1 0.969493 0.184231 0.0118859 0.0118859
1 0.440967 0.226228 0.0118859 0.0118859
0 0.284469 0.538827 0.0110935 0.0110935
1 0.386688 0.825277 0.0110935 0.0118859
0 0.308637 0.158479 0.0118859 0.0110935
1 0.0344691 0.456815 0.0118859 0.0118859
1 0.592314 0.0495246 0.0118859 0.0118859
1 0.967908 0.467512 0.0118859 0.0110935
0 0.420761 0.152536 0.0110935 0.0118859
1 0.381537 0.371632 0.0118859 0.0110935
1 0.894612 0.916006 0.0110935 0.0110935
0 0.465531 0.655705 0.0103011 0.0103011
1 0.412044 0.378764 0.0110935 0.0110935
0 0.31775 0.376387 0.0110935 0.0110935
1 0.920364 0.735341 0.0118859 0.0110935
1 0.421553 0.822504 0.0110935 0.0110935
1 0.662837 0.225832 0.0118859 0.0110935
1 0.583201 0.46038 0.0110935 0.0110935
1 0.270206 0.220681 0.0110935 0.0103011
1 0.31775 0.171949 0.0110935 0.0110935
1 0.44691 0.83439 0.0110935 0.0110935
0 0.392235 0.570523 0.0110935 0.0110935
1 0.441759 0.322108 0.0118859 0.0118859
0 0.892235 0.0103011 0.0110935 0.0110935
0 0.437401 0.305071 0.0126783 0.0126783
1 0.827258 0.989303 0.0110935 0.0103011
0 0.419572 0.33954 0.0103011 0.0103011
0 0.832805 0.961965 0.0110935 0.0110935
1 0.28962 0.456022 0.0103011 0.0103011
0 0.381141 0.812203 0.0110935 0.0110935
1 0.96038 0.726624 0.0110935 0.0110935
1 0.272187 0.439382 0.0118859 0.0118859
0 0.345483 0.608558 0.0110935 0.0110935
1 0.948098 0.444532 0.0118859 0.0126783
0 0.37599 0.355388 0.0118859 0.0118859
0 0.894612 0.312995 0.0126783 0.0126783
0 0.982171 0.778526 0.0103011 0.0103011
0 0.920761 0.169572 0.0110935 0.0110935
1 0.979398 0.713154 0.0110935 0.0110935
0 0.810222 0.365293 0.0118859 0.0110935
1 0.913233 0.205626 0.0103011 0.0103011
0 0.36252 0.335182 0.0103011 0.0110935
0 0.270998 0.520998 0.0110935 0.0103011
0 0.160063 0.775753 0.0110935 0.0110935
0 0.305468 0.394216 0.0118859 0.0118859
0 0.296355 0.948494 0.0110935 0.0110935
0 0.965927 0.169572 0.0110935 0.0110935
1 0.807845 0.0542789 0.0118859 0.0118859
0 0.784865 0.775753 0.0118859 0.0110935
0 0.398178 0.272187 0.0118859 0.0118859
1 0.174326 0.355784 0.0110935 0.0110935
0 0.953249 0.712361 0.0110935 0.0110935
1 0.941759 0.73019 0.0118859 0.0118859
0 0.45523 0.627179 0.0118859 0.0118859
0 0.954834 0.42393 0.0110935 0.0110935
1 0.37084 0.368859 0.0110935 0.0103011
0 0.529319 0.266244 0.0110935 0.0110935
0 0.929477 0.349842 0.0110935 0.0118859
1 0.312995 0.402932 0.0110935 0.0118859
1 0.190967 0.216323 0.0110935 0.0110935
1 0.122029 0.694136 0.0110935 0.0110935
1 0.782488 0.0828051 0.0118859 0.0118859
0 0.214739 0.672345 0.0110935 0.0118859
0 0.457607 0.265848 0.0118859 0.0118859
1 0.0835975 0.698098 0.0103011 0.0110935
0 0.151347 0.0110935 0.0110935 0.0110935
1 0.916403 0.90412 0.0103011 0.0110935
1 0.187005 0.735341 0.0110935 0.0110935
0 0.282884 0.402932 0.00950872 0.0103011
1 0.942155 0.198098 0.0110935 0.0110935
0 0.655705 0.337559 0.0118859 0.0110935
1 0.327258 0.695325 0.0110935 0.0118859
1 0.372029 0.152139 0.0118859 0.0110935
1 0.338748 0.480983 0.0118859 0.0110935
0 0.364501 0.131537 0.0110935 0.0110935
0 0.979398 0.441363 0.0110935 0.0110935
1 0.30626 0.967512 0.0103011 0.0110935
1 0.848653 0.444532 0.0110935 0.0110935
1 0.208399 0.814976 0.0110935 0.0103011
0 0.148574 0.582409 0.0103011 0.0110935
1 0.289223 0.575277 0.0110935 0.0110935
0 0.151347 0.298732 0.0110935 0.0110935
1 0.129952 0.370048 0.0110935 0.0110935
0 0.664025 0.861331 0.0110935 0.0110935
0 0.783677 0.265848 0.0110935 0.0118859
0 0.427892 0.803487 0.0110935 0.0110935
0 0.470681 0.775753 0.0110935 0.0110935
0 0.301506 0.54477 0.0103011 0.0103011
1 0.942155 0.89897 0.0110935 0.0118859
1 0.845483 0.0570523 0.0126783 0.0126783
0 0.40729 0.785262 0.0110935 0.0110935
1 0.70523 0.215927 0.0110935 0.0118859
1 0.335578 0.15729 0.0118859 0.0118859
0 0.105388 0.65729 0.0110935 0.0103011
0 0.906498 0.820919 0.0110935 0.0110935
0 0.0162441 0.521791 0.0118859 0.0118859
0 0.681854 0.196513 0.0118859 0.0110935
1 0.09271 0.480586 0.0110935 0.0103011
0 0.0681458 0.407686 0.0110935 0.0103011
0 0.931062 0.869255 0.0110935 0.0110935
1 0.366086 0.694929 0.0110935 0.0110935
1 0.827655 0.454437 0.0118859 0.0118859
