1 0.0748811 0.923534 0.0103011 0.0103011
1 0.566561 0.950079 0.0110935 0.0110935
0 0.950475 0.90412 0.0118859 0.0110935
0 0.863312 0.811807 0.0118859 0.0118859
1 0.95523 0.908479 0.0118859 0.0118859
0 0.285658 0.627179 0.0103011 0.0103011
1 0.176704 0.30309 0.0110935 0.0118859
0 0.598653 0.141838 0.0103011 0.0110935
1 0.0257528 0.450475 0.0118859 0.0118859
1 0.683043 0.0649762 0.0110935 0.0110935
0 0.154517 0.532092 0.0110935 0.0103011
1 0.608558 0.736133 0.0110935 0.0110935
0 0.471078 0.776149 0.0103011 0.0103011
1 0.711965 0.563788 0.0118859 0.0118859
0 0.555467 0.0812203 0.0110935 0.0103011
1 0.55309 0.0903328 0.0110935 0.0110935
0 0.113708 0.936212 0.0118859 0.0118859
1 0.525753 0.990095 0.0118859 0.0118859
1 0.0356577 0.118067 0.0110935 0.0110935
1 0.783677 0.225832 0.0110935 0.0110935
1 0.587956 0.425515 0.0110935 0.0110935
1 0.602615 0.148574 0.0103011 0.0103011
0 0.0744849 0.545959 0.0110935 0.0110935
0 0.108162 0.373613 0.0118859 0.0118859
1 0.151347 0.305864 0.0110935 0.0110935
1 0.90729 0.99168 0.0110935 0.0103011
0 0.591918 0.420364 0.0110935 0.0103011
0 0.141442 0.521791 0.0118859 0.0118859
1 0.12916 0.944533 0.0110935 0.0110935
1 0.537639 0.0812203 0.0103011 0.0103011
1 0.542393 0.405705 0.0103011 0.0110935
1 0.146593 0.538431 0.0110935 0.0103011
1 0.101823 0.586371 0.0118859 0.0110935
1 0.12916 0.0919176 0.0110935 0.0110935
1 0.204041 0.675119 0.0103011 0.0110935
1 0.0820127 0.926704 0.0118859 0.0118859
0 0.0756735 0.393819 0.0103011 0.0110935
1 0.597861 0.91046 0.0103011 0.0110935
1 0.696117 0.0915214 0.0103011 0.0103011
1 0.0942948 0.48019 0.0110935 0.0110935
0 0.0293185 0.52496 0.0110935 0.0118859
0 0.699683 0.0657686 0.0110935 0.0110935
1 0.0689382 0.64065 0.0110935 0.0118859
0 0.180269 0.284469 0.0118859 0.0110935
1 0.73019 0.0542789 0.0103011 0.0103011
0 0.591918 0.902536 0.0110935 0.0110935
1 0.857369 0.821315 0.0110935 0.0118859
0 0.53328 0.0602219 0.0110935 0.0110935
0 0.551109 0.3958 0.0103011 0.0103011
1 0.26981 0.990095 0.0118859 0.0103011
0 0.725436 0.776545 0.0118859 0.0110935
0 0.555071 0.943344 0.0118859 0.0118859
0 0.133914 0.0855784 0.0110935 0.0110935
0 0.144216 0.299128 0.0110935 0.0118859
1 0.0380349 0.44691 0.0110935 0.0110935
0 0.434231 0.540412 0.0110935 0.0110935
0 0.58954 0.661648 0.0110935 0.0110935
0 0.0289223 0.440967 0.0118859 0.0118859
0 0.094691 0.533677 0.0118859 0.0118859
1 0.118463 0.950475 0.0118859 0.0118859
1 0.68542 0.568146 0.0110935 0.0110935
0 0.0740887 0.91561 0.0103011 0.0103011
0 0.543978 0.956022 0.0118859 0.0118859
1 0.662441 0.585578 0.0110935 0.0110935
1 0.0701268 0.401347 0.0103011 0.0103011
1 0.569731 0.424723 0.0110935 0.0110935
0 0.0416006 0.521791 0.0118859 0.0118859
1 0.0808241 0.565769 0.0110935 0.0110935
0 0.633122 0.441363 0.0110935 0.0110935
1 0.578447 0.66878 0.0110935 0.0110935
0 0.721078 0.529319 0.0110935 0.0110935
0 0.576466 0.409271 0.0103011 0.0103011
0 0.684231 0.802694 0.0118859 0.0110935
0 0.5729 0.9271 0.0110935 0.0110935
0 0.208399 0.66561 0.0110935 0.0110935
1 0.171949 0.30309 0.0110935 0.0103011
0 0.653724 0.558637 0.0110935 0.0110935
0 0.43225 0.784469 0.0118859 0.0110935
0 0.694929 0.55626 0.0110935 0.0110935
0 0.66561 0.321712 0.0110935 0.0110935
1 0.56775 0.214739 0.0118859 0.0110935
0 0.106973 0.555071 0.0110935 0.0103011
1 0.446513 0.551902 0.0103011 0.0103011
1 0.563788 0.95206 0.0118859 0.0118859
0 0.173534 0.903328 0.0110935 0.0110935
0 0.396593 0.0713154 0.0118859 0.0110935
1 0.974247 0.0320919 0.0118859 0.0118859
0 0.200872 0.162044 0.0118859 0.0118859
1 0.729398 0.541601 0.0103011 0.0103011
1 0.526545 0.647385 0.0103011 0.0110935
0 0.189382 0.926307 0.0110935 0.0110935
1 0.549128 0.663233 0.0110935 0.0110935
1 0.164422 0.976624 0.0118859 0.0118859
1 0.402139 0.81141 0.0118859 0.0110935
0 0.942948 0.0213946 0.0110935 0.0110935
1 0.843502 0.685816 0.0118859 0.0118859
1 0.548336 0.969889 0.0110935 0.0110935
0 0.72504 0.0142631 0.0110935 0.0110935
1 0.104992 0.9687 0.0118859 0.0118859
1 0.194136 0.303487 0.0110935 0.0110935
1 0.673534 0.343899 0.0110935 0.0110935
1 0.206815 0.990491 0.0126783 0.0110935
1 0.580032 0.939382 0.0110935 0.0103011
0 0.626783 0.790016 0.0110935 0.0110935
0 0.0582409 0.38748 0.0118859 0.0110935
0 0.0998415 0.0106973 0.0110935 0.0103011
1 0.639461 0.450079 0.0110935 0.0110935
0 0.162441 0.276941 0.0110935 0.0118859
0 0.808637 0.520602 0.0118859 0.0110935
1 0.187401 0.172742 0.0118859 0.0110935
0 0.85935 0.295959 0.0103011 0.0103011
1 0.114105 0.575674 0.0110935 0.0103011
0 0.0843899 0.891838 0.0118859 0.0118859
1 0.0661648 0.94374 0.0118859 0.0110935
1 0.624009 0.114897 0.0118859 0.0126783
0 0.543582 0.0103011 0.0110935 0.0110935
1 0.94691 0.697306 0.0110935 0.0110935
0 0.151743 0.832013 0.0118859 0.0110935
0 0.667195 0.802694 0.0110935 0.0110935
0 0.530903 0.392631 0.0110935 0.0103011
0 0.0392235 0.775753 0.0118859 0.0110935
0 0.610539 0.0974643 0.0118859 0.0126783
1 0.675119 0.818938 0.0110935 0.0118859
0 0.640254 0.0788431 0.0110935 0.0103011
1 0.458399 0.797147 0.0118859 0.0110935
1 0.834786 0.344295 0.0118859 0.0118859
0 0.855388 0.667987 0.0118859 0.0110935
0 0.434628 0.0225832 0.0118859 0.0118859
1 0.182647 0.944929 0.0103011 0.0103011
1 0.167987 0.563391 0.0110935 0.0110935
1 0.0364501 0.543582 0.0110935 0.0110935
1 0.659271 0.133914 0.0110935 0.0110935
1 0.363312 0.480586 0.0103011 0.0103011
0 0.910063 0.265848 0.0118859 0.0118859
0 0.835975 0.776149 0.0126783 0.0118859
1 0.0209984 0.451664 0.0118859 0.0110935
1 0.270998 0.646196 0.0110935 0.0103011
1 0.590729 0.226228 0.0118859 0.0118859
1 0.120444 0.383914 0.0126783 0.0118859
1 0.978605 0.734945 0.0110935 0.0118859
0 0.922742 0.620048 0.0118859 0.0118859
1 0.884707 0.320127 0.0103011 0.0110935
1 0.0392235 0.119651 0.0118859 0.0110935
0 0.566957 0.628764 0.0118859 0.0118859
1 0.695721 0.828447 0.0126783 0.0118859
0 0.81141 0.273376 0.0110935 0.0110935
0 0.296751 0.0245642 0.0103011 0.0110935
0 0.705626 0.265848 0.0118859 0.0118859
0 0.83954 0.154517 0.0118859 0.0110935
0 0.541204 0.614897 0.0110935 0.0110935
0 0.466719 0.265848 0.0110935 0.0103011
0 0.673534 0.534865 0.0110935 0.0110935
1 0.865689 0.212361 0.0118859 0.0110935
0 0.380349 0.784865 0.0110935 0.0118859
1 0.335182 0.225436 0.0126783 0.0118859
1 0.408875 0.0899366 0.0110935 0.0118859
0 0.954834 0.679873 0.0110935 0.0110935
1 0.714738 0.104992 0.0110935 0.0118859
0 0.179081 0.541997 0.0110935 0.0110935
1 0.643819 0.8542 0.0118859 0.0110935
0 0.581616 0.156894 0.0110935 0.0110935
1 0.887084 0.709192 0.0118859 0.0110935
1 0.46038 0.0729002 0.0110935 0.0110935
0 0.680666 0.0435816 0.0126783 0.0126783
1 0.367274 0.735737 0.0118859 0.0118859
