1 0.943344 0.0412044 0.0118859 0.0110935
0 0.0297147 0.938193 0.0118859 0.0110935
1 0.88233 0.592314 0.0118859 0.0118859
1 0.54477 0.727021 0.0118859 0.0103011
0 0.908082 0.0752773 0.0110935 0.0110935
0 0.288827 0.675515 0.0103011 0.0103011
0 0.425911 0.0891442 0.0103011 0.0103011
0 0.791997 0.424326 0.0103011 0.0103011
1 0.47187 0.653724 0.0118859 0.0110935
0 0.316957 0.398574 0.0110935 0.0110935
1 0.129952 0.573296 0.0110935 0.0103011
0 0.291601 0.0126783 0.0110935 0.0110935
1 0.807845 0.152932 0.0103011 0.0110935
1 0.142631 0.845483 0.0110935 0.0110935
1 0.86767 0.58439 0.0110935 0.0118859
0 0.694929 0.536054 0.0110935 0.0103011
0 0.123613 0.569334 0.0110935 0.0103011
0 0.788431 0.160856 0.0110935 0.0110935
0 0.911648 0.85935 0.0118859 0.0118859
0 0.823296 0.411648 0.0110935 0.0103011
1 0.305071 0.990887 0.0110935 0.0103011
0 0.39065 0.839937 0.0110935 0.0110935
0 0.532092 0.199683 0.0118859 0.0110935
1 0.278922 0.381537 0.0126783 0.0118859
0 0.288431 0.374802 0.0110935 0.0110935
1 0.957607 0.0380349 0.0118859 0.0110935
0 0.953249 0.0237718 0.0126783 0.0126783
1 0.450872 0.330032 0.0110935 0.0118859
1 0.93542 0.0637876 0.0103011 0.0103011
0 0.55626 0.699287 0.0110935 0.0103011
1 0.88748 0.990887 0.0126783 0.0118859
1 0.868067 0.368859 0.0103011 0.0103011
1 0.944533 0.569731 0.0110935 0.0110935
0 0.540016 0.706815 0.0118859 0.0110935
0 0.931062 0.858162 0.0110935 0.0110935
0 0.64065 0.357369 0.0118859 0.0110935
0 0.87084 0.568146 0.0110935 0.0110935
0 0.365293 0.427496 0.0110935 0.0118859
1 0.0729002 0.406498 0.0110935 0.0110935
1 0.706418 0.56141 0.0103011 0.0103011
1 0.836767 0.41878 0.0110935 0.0103011
1 0.965135 0.311014 0.0110935 0.0103011
1 0.841125 0.893027 0.0103011 0.0110935
1 0.671553 0.364105 0.0118859 0.0118859
1 0.825674 0.892235 0.0110935 0.0110935
0 0.885103 0.580032 0.0110935 0.0110935
0 0.285261 0.928288 0.0110935 0.0103011
1 0.276545 0.0213946 0.0110935 0.0110935
1 0.369255 0.599445 0.00950872 0.0103011
1 0.807052 0.674326 0.0118859 0.0110935
0 0.68225 0.535658 0.0110935 0.0110935
1 0.83954 0.600634 0.0118859 0.0110935
0 0.861727 0.364105 0.0103011 0.0103011
0 0.900951 0.565372 0.0110935 0.0118859
0 0.949683 0.853407 0.0118859 0.0126783
0 0.421553 0.302298 0.0110935 0.0103011
1 0.407686 0.844691 0.0103011 0.0110935
1 0.327258 0.409271 0.0110935 0.0103011
1 0.303487 0.404913 0.0110935 0.0110935
0 0.803487 0.872425 0.0110935 0.0110935
1 0.425515 0.314184 0.00950872 0.0103011
1 0.394612 0.48019 0.0110935 0.0110935
0 0.106181 0.165214 0.0110935 0.0103011
0 0.833201 0.591918 0.0118859 0.0110935
0 0.931458 0.0249604 0.0118859 0.0118859
1 0.440571 0.803883 0.0110935 0.0103011
1 0.903724 0.576466 0.0118859 0.0118859
1 0.355388 0.433439 0.0118859 0.0110935
0 0.453249 0.320523 0.0110935 0.0118859
0 0.984152 0.775753 0.0110935 0.0110935
1 0.335182 0.22504 0.0126783 0.0126783
0 0.715135 0.0110935 0.0118859 0.0110935
0 0.433439 0.795166 0.0110935 0.0103011
1 0.381933 0.848257 0.0110935 0.0118859
0 0.85935 0.551902 0.0118859 0.0118859
0 0.959588 0.29794 0.0110935 0.0110935
0 0.602615 0.106973 0.0118859 0.0110935
0 0.675119 0.865293 0.0110935 0.0110935
1 0.888669 0.366482 0.0103011 0.0103011
1 0.456418 0.0911252 0.0110935 0.0110935
1 0.425119 0.825674 0.0118859 0.0110935
0 0.403328 0.316165 0.0110935 0.0110935
0 0.476228 0.265452 0.0110935 0.0110935
1 0.562995 0.707211 0.0103011 0.0103011
0 0.152932 0.0974643 0.0110935 0.0110935
0 0.362916 0.57607 0.0110935 0.0110935
0 0.335182 0.377179 0.0110935 0.0110935
0 0.970285 0.0106973 0.0118859 0.0118859
0 0.351822 0.115689 0.0110935 0.0110935
1 0.633122 0.989699 0.0110935 0.0110935
0 0.912441 0.09271 0.0103011 0.0110935
0 0.329636 0.696513 0.0110935 0.0110935
0 0.873217 0.916006 0.0110935 0.0110935
1 0.810618 0.480983 0.0110935 0.0110935
1 0.172742 0.113708 0.0110935 0.0103011
1 0.909667 0.367274 0.0110935 0.0103011
0 0.131537 0.836767 0.0110935 0.0110935
0 0.453645 0.776149 0.0103011 0.0103011
0 0.896196 0.355784 0.0110935 0.0110935
1 0.0629952 0.990491 0.0118859 0.0110935
0 0.561014 0.881141 0.0110935 0.0110935
1 0.409667 0.103011 0.0110935 0.0110935
0 0.0178288 0.662044 0.0103011 0.0103011
0 0.401743 0.521395 0.0110935 0.0110935
1 0.796355 0.225832 0.0110935 0.0110935
0 0.441363 0.284469 0.0110935 0.0110935
1 0.585578 0.897781 0.0110935 0.0110935
1 0.562599 0.48019 0.0110935 0.0110935
1 0.335578 0.704834 0.0103011 0.0103011
0 0.950079 0.541601 0.0110935 0.0103011
0 0.0839937 0.396593 0.0110935 0.0103011
0 0.469097 0.0717116 0.0110935 0.0118859
0 0.369651 0.819731 0.0103011 0.0103011
0 0.416799 0.816165 0.0110935 0.0110935
1 0.939382 0.893423 0.0118859 0.0118859
1 0.614897 0.121236 0.0110935 0.0110935
0 0.349445 0.840729 0.0110935 0.0110935
0 0.199683 0.0649762 0.0110935 0.0110935
1 0.358162 0.864897 0.0110935 0.0103011
0 0.18542 0.271791 0.0110935 0.0110935
1 0.0586371 0.735341 0.0110935 0.0110935
1 0.414025 0.343106 0.0103011 0.0110935
1 0.921157 0.111727 0.0103011 0.00950872
1 0.830824 0.120048 0.0118859 0.0118859
1 0.209192 0.299525 0.0110935 0.0110935
1 0.865293 0.138273 0.0110935 0.0103011
1 0.306656 0.0752773 0.0110935 0.0110935
0 0.161648 0.520602 0.0110935 0.0110935
1 0.98336 0.0586371 0.0126783 0.0126783
0 0.817353 0.1042 0.0118859 0.0118859
0 0.854596 0.865689 0.0103011 0.0103011
0 0.44374 0.0360539 0.0110935 0.0118859
0 0.847068 0.0863708 0.0126783 0.0126783
0 0.886688 0.0538827 0.0126783 0.0126783
1 0.126783 0.206418 0.0110935 0.0103011
1 0.686212 0.877971 0.0110935 0.0110935
0 0.795563 0.637876 0.0110935 0.0110935
1 0.528922 0.735341 0.0118859 0.0110935
1 0.892235 0.601426 0.0110935 0.0110935
1 0.957211 0.576466 0.0126783 0.0118859
1 0.09271 0.225832 0.0110935 0.0110935
1 0.95523 0.864897 0.0118859 0.0118859
0 0.640254 0.0673534 0.0110935 0.0110935
1 0.667195 0.107765 0.0110935 0.0110935
0 0.396989 0.0614105 0.0126783 0.0118859
0 0.317353 0.0530903 0.0103011 0.0110935
0 0.978605 0.266244 0.0110935 0.0110935
1 0.139461 0.480586 0.0110935 0.0103011
1 0.458003 0.33122 0.0110935 0.0110935
0 0.877971 0.35103 0.0110935 0.0110935
0 0.613708 0.562203 0.0118859 0.0118859
1 0.922345 0.871236 0.0126783 0.0118859
0 0.273772 0.664422 0.0103011 0.0103011
1 0.541601 0.225436 0.0118859 0.0118859
1 0.376387 0.208399 0.0110935 0.0110935
0 0.607369 0.878368 0.0118859 0.0118859
1 0.638669 0.597464 0.0110935 0.0110935
1 0.943344 0.0412044 0.0118859 0.0110935
0 0.0297147 0.938193 0.0118859 0.0110935
1 0.88233 0.592314 0.0118859 0.0118859
1 0.54477 0.727021 0.0118859 0.0103011
0 0.908082 0.0752773 0.0110935 0.0110935
0 0.288827 0.675515 0.0103011 0.0103011
0 0.425911 0.0891442 0.0103011 0.0103011
0 0.791997 0.424326 0.0103011 0.0103011
1 0.47187 0.653724 0.0118859 0.0110935
0 0.316957 0.398574 0.0110935 0.0110935
1 0.129952 0.573296 0.0110935 0.0103011
0 0.291601 0.0126783 0.0110935 0.0110935
1 0.807845 0.152932 0.0103011 0.0110935
1 0.142631 0.845483 0.0110935 0.0110935
1 0.86767 0.58439 0.0110935 0.0118859
0 0.694929 0.536054 0.0110935 0.0103011
0 0.123613 0.569334 0.0110935 0.0103011
0 0.788431 0.160856 0.0110935 0.0110935
0 0.911648 0.85935 0.0118859 0.0118859
0 0.823296 0.411648 0.0110935 0.0103011
1 0.305071 0.990887 0.0110935 0.0103011
0 0.39065 0.839937 0.0110935 0.0110935
0 0.532092 0.199683 0.0118859 0.0110935
1 0.278922 0.381537 0.0126783 0.0118859
0 0.288431 0.374802 0.0110935 0.0110935
1 0.957607 0.0380349 0.0118859 0.0110935
0 0.953249 0.0237718 0.0126783 0.0126783
1 0.450872 0.330032 0.0110935 0.0118859
1 0.93542 0.0637876 0.0103011 0.0103011
0 0.55626 0.699287 0.0110935 0.0103011
1 0.88748 0.990887 0.0126783 0.0118859
1 0.868067 0.368859 0.0103011 0.0103011
1 0.944533 0.569731 0.0110935 0.0110935
0 0.540016 0.706815 0.0118859 0.0110935
0 0.931062 0.858162 0.0110935 0.0110935
0 0.64065 0.357369 0.0118859 0.0110935
0 0.87084 0.568146 0.0110935 0.0110935
0 0.365293 0.427496 0.0110935 0.0118859
1 0.0729002 0.406498 0.0110935 0.0110935
1 0.706418 0.56141 0.0103011 0.0103011
1 0.836767 0.41878 0.0110935 0.0103011
1 0.965135 0.311014 0.0110935 0.0103011
1 0.841125 0.893027 0.0103011 0.0110935
1 0.671553 0.364105 0.0118859 0.0118859
1 0.825674 0.892235 0.0110935 0.0110935
0 0.885103 0.580032 0.0110935 0.0110935
0 0.285261 0.928288 0.0110935 0.0103011
1 0.276545 0.0213946 0.0110935 0.0110935
1 0.369255 0.599445 0.00950872 0.0103011
1 0.807052 0.674326 0.0118859 0.0110935
0 0.68225 0.535658 0.0110935 0.0110935
1 0.83954 0.600634 0.0118859 0.0110935
0 0.861727 0.364105 0.0103011 0.0103011
0 0.900951 0.565372 0.0110935 0.0118859
0 0.949683 0.853407 0.0118859 0.0126783
0 0.421553 0.302298 0.0110935 0.0103011
1 0.407686 0.844691 0.0103011 0.0110935
1 0.327258 0.409271 0.0110935 0.0103011
1 0.303487 0.404913 0.0110935 0.0110935
0 0.803487 0.872425 0.0110935 0.0110935
1 0.425515 0.314184 0.00950872 0.0103011
1 0.394612 0.48019 0.0110935 0.0110935
0 0.106181 0.165214 0.0110935 0.0103011
0 0.833201 0.591918 0.0118859 0.0110935
0 0.931458 0.0249604 0.0118859 0.0118859
1 0.440571 0.803883 0.0110935 0.0103011
1 0.903724 0.576466 0.0118859 0.0118859
1 0.355388 0.433439 0.0118859 0.0110935
0 0.453249 0.320523 0.0110935 0.0118859
0 0.984152 0.775753 0.0110935 0.0110935
1 0.335182 0.22504 0.0126783 0.0126783
0 0.715135 0.0110935 0.0118859 0.0110935
0 0.433439 0.795166 0.0110935 0.0103011
1 0.381933 0.848257 0.0110935 0.0118859
0 0.85935 0.551902 0.0118859 0.0118859
0 0.959588 0.29794 0.0110935 0.0110935
0 0.602615 0.106973 0.0118859 0.0110935
0 0.675119 0.865293 0.0110935 0.0110935
1 0.888669 0.366482 0.0103011 0.0103011
1 0.456418 0.0911252 0.0110935 0.0110935
1 0.425119 0.825674 0.0118859 0.0110935
0 0.403328 0.316165 0.0110935 0.0110935
0 0.476228 0.265452 0.0110935 0.0110935
1 0.562995 0.707211 0.0103011 0.0103011
0 0.152932 0.0974643 0.0110935 0.0110935
0 0.362916 0.57607 0.0110935 0.0110935
0 0.335182 0.377179 0.0110935 0.0110935
0 0.970285 0.0106973 0.0118859 0.0118859
0 0.351822 0.115689 0.0110935 0.0110935
1 0.633122 0.989699 0.0110935 0.0110935
0 0.912441 0.09271 0.0103011 0.0110935
0 0.329636 0.696513 0.0110935 0.0110935
0 0.873217 0.916006 0.0110935 0.0110935
1 0.810618 0.480983 0.0110935 0.0110935
1 0.172742 0.113708 0.0110935 0.0103011
1 0.909667 0.367274 0.0110935 0.0103011
0 0.131537 0.836767 0.0110935 0.0110935
0 0.453645 0.776149 0.0103011 0.0103011
0 0.896196 0.355784 0.0110935 0.0110935
1 0.0629952 0.990491 0.0118859 0.0110935
0 0.561014 0.881141 0.0110935 0.0110935
1 0.409667 0.103011 0.0110935 0.0110935
0 0.0178288 0.662044 0.0103011 0.0103011
0 0.401743 0.521395 0.0110935 0.0110935
1 0.796355 0.225832 0.0110935 0.0110935
0 0.441363 0.284469 0.0110935 0.0110935
1 0.585578 0.897781 0.0110935 0.0110935
1 0.562599 0.48019 0.0110935 0.0110935
1 0.335578 0.704834 0.0103011 0.0103011
0 0.950079 0.541601 0.0110935 0.0103011
0 0.0839937 0.396593 0.0110935 0.0103011
0 0.469097 0.0717116 0.0110935 0.0118859
0 0.369651 0.819731 0.0103011 0.0103011
0 0.416799 0.816165 0.0110935 0.0110935
1 0.939382 0.893423 0.0118859 0.0118859
1 0.614897 0.121236 0.0110935 0.0110935
0 0.349445 0.840729 0.0110935 0.0110935
0 0.199683 0.0649762 0.0110935 0.0110935
1 0.358162 0.864897 0.0110935 0.0103011
0 0.18542 0.271791 0.0110935 0.0110935
1 0.0586371 0.735341 0.0110935 0.0110935
1 0.414025 0.343106 0.0103011 0.0110935
1 0.921157 0.111727 0.0103011 0.00950872
1 0.830824 0.120048 0.0118859 0.0118859
1 0.209192 0.299525 0.0110935 0.0110935
1 0.865293 0.138273 0.0110935 0.0103011
1 0.306656 0.0752773 0.0110935 0.0110935
0 0.161648 0.520602 0.0110935 0.0110935
1 0.98336 0.0586371 0.0126783 0.0126783
0 0.817353 0.1042 0.0118859 0.0118859
0 0.854596 0.865689 0.0103011 0.0103011
0 0.44374 0.0360539 0.0110935 0.0118859
0 0.847068 0.0863708 0.0126783 0.0126783
0 0.886688 0.0538827 0.0126783 0.0126783
1 0.126783 0.206418 0.0110935 0.0103011
1 0.686212 0.877971 0.0110935 0.0110935
0 0.795563 0.637876 0.0110935 0.0110935
1 0.528922 0.735341 0.0118859 0.0110935
1 0.892235 0.601426 0.0110935 0.0110935
1 0.957211 0.576466 0.0126783 0.0118859
1 0.09271 0.225832 0.0110935 0.0110935
1 0.95523 0.864897 0.0118859 0.0118859
0 0.640254 0.0673534 0.0110935 0.0110935
1 0.667195 0.107765 0.0110935 0.0110935
0 0.396989 0.0614105 0.0126783 0.0118859
0 0.317353 0.0530903 0.0103011 0.0110935
0 0.978605 0.266244 0.0110935 0.0110935
1 0.139461 0.480586 0.0110935 0.0103011
1 0.458003 0.33122 0.0110935 0.0110935
0 0.877971 0.35103 0.0110935 0.0110935
0 0.613708 0.562203 0.0118859 0.0118859
1 0.922345 0.871236 0.0126783 0.0118859
0 0.273772 0.664422 0.0103011 0.0103011
1 0.541601 0.225436 0.0118859 0.0118859
1 0.376387 0.208399 0.0110935 0.0110935
0 0.607369 0.878368 0.0118859 0.0118859
1 0.638669 0.597464 0.0110935 0.0110935
