1 0.908082 0.0717116 0.0126783 0.0118859
0 0.332805 0.431458 0.0110935 0.0103011
1 0.809033 0.823693 0.0126783 0.0118859
1 0.912044 0.0681458 0.0110935 0.0110935
1 0.438193 0.807845 0.0110935 0.0103011
1 0.731775 0.577655 0.0118859 0.0110935
1 0.601822 0.374802 0.0118859 0.0110935
1 0.086767 0.99168 0.0134707 0.0118859
1 0.414422 0.366878 0.0110935 0.0110935
0 0.282488 0.216323 0.0118859 0.0110935
0 0.349842 0.423534 0.0118859 0.0118859
0 0.626387 0.336371 0.0118859 0.0118859
0 0.964738 0.963946 0.0118859 0.0118859
1 0.14065 0.404913 0.0118859 0.0110935
1 0.836767 0.816957 0.0126783 0.0126783
1 0.328843 0.438986 0.0110935 0.0110935
1 0.52496 0.832409 0.0118859 0.0118859
0 0.877179 0.335975 0.0110935 0.0110935
0 0.79794 0.1771 0.0110935 0.0103011
0 0.962758 0.561014 0.0110935 0.0110935
1 0.965531 0.570919 0.0118859 0.0118859
0 0.359746 0.976228 0.0110935 0.0110935
1 0.0966719 0.480983 0.0110935 0.0110935
0 0.578447 0.806656 0.0110935 0.0110935
1 0.441759 0.348653 0.0118859 0.0110935
1 0.588748 0.808637 0.0126783 0.0118859
0 0.324485 0.574881 0.0118859 0.0118859
0 0.177892 0.702456 0.0118859 0.0118859
1 0.297147 0.317353 0.0110935 0.0103011
0 0.343899 0.547147 0.0110935 0.0118859
1 0.383914 0.980983 0.0118859 0.0110935
1 0.959588 0.969889 0.0110935 0.0110935
1 0.4687 0.71355 0.0118859 0.0118859
1 0.871236 0.341521 0.0118859 0.0110935
0 0.38233 0.520602 0.0118859 0.0110935
1 0.442948 0.70206 0.0110935 0.0110935
0 0.421553 0.355388 0.0110935 0.0103011
1 0.295959 0.987718 0.0118859 0.0103011
0 0.195325 0.0103011 0.0118859 0.0110935
1 0.0170364 0.666403 0.0118859 0.0110935
1 0.337956 0.990887 0.0134707 0.0118859
1 0.316561 0.214342 0.0118859 0.0118859
0 0.984152 0.569731 0.0110935 0.0110935
0 0.296751 0.292393 0.0118859 0.0126783
1 0.928685 0.956022 0.0126783 0.0118859
0 0.890254 0.0455626 0.0118859 0.0118859
1 0.419176 0.697702 0.0110935 0.0103011
0 0.639065 0.775357 0.0103011 0.0103011
1 0.984548 0.582805 0.0118859 0.0118859
0 0.817353 0.585975 0.0118859 0.0118859
1 0.349049 0.551109 0.0118859 0.0118859
0 0.694533 0.96355 0.0118859 0.0110935
0 0.878764 0.0459588 0.0126783 0.0126783
1 0.913629 0.322504 0.0110935 0.0110935
1 0.0911252 0.480983 0.0110935 0.0110935
0 0.864501 0.33439 0.0110935 0.0110935
1 0.890254 0.346672 0.0118859 0.0118859
1 0.930269 0.561014 0.0110935 0.0110935
1 0.5313 0.695325 0.0118859 0.0118859
0 0.538035 0.684628 0.0110935 0.0110935
0 0.438193 0.341521 0.0110935 0.0110935
1 0.911648 0.963154 0.0118859 0.0118859
0 0.467512 0.780111 0.0110935 0.0103011
1 0.804279 0.187797 0.0110935 0.0110935
0 0.452853 0.777338 0.0118859 0.0110935
1 0.3542 0.435024 0.0110935 0.0110935
0 0.93859 0.548336 0.0118859 0.0110935
0 0.396593 0.0756735 0.0118859 0.0118859
0 0.720681 0.569334 0.0118859 0.0118859
1 0.672345 0.969889 0.0118859 0.0110935
0 0.44691 0.694929 0.0110935 0.0110935
1 0.784865 0.22504 0.0118859 0.0126783
1 0.635895 0.341521 0.0118859 0.0110935
1 0.332409 0.58439 0.0118859 0.0118859
0 0.639065 0.0320919 0.0118859 0.0118859
1 0.328051 0.215531 0.0110935 0.0110935
0 0.852219 0.358162 0.0118859 0.0110935
0 0.818146 0.809429 0.0118859 0.0118859
1 0.788827 0.68542 0.0103011 0.0110935
1 0.955626 0.0847861 0.0110935 0.0110935
1 0.939778 0.0760697 0.0110935 0.0110935
1 0.458796 0.343106 0.0110935 0.0110935
1 0.432647 0.809033 0.0110935 0.0110935
1 0.973455 0.0530903 0.0103011 0.0110935
0 0.301902 0.28962 0.0126783 0.0118859
1 0.859746 0.622821 0.0110935 0.0110935
0 0.800713 0.433835 0.0103011 0.0103011
0 0.146593 0.0816165 0.0110935 0.0110935
0 0.948494 0.0697306 0.0110935 0.0110935
0 0.873613 0.0455626 0.0118859 0.0118859
0 0.048336 0.316957 0.0110935 0.0110935
0 0.786054 0.397385 0.0126783 0.0118859
1 0.840333 0.81775 0.0118859 0.0110935
1 0.608954 0.0689382 0.0118859 0.0110935
0 0.919176 0.950079 0.0110935 0.0110935
0 0.833597 0.358954 0.0110935 0.0110935
0 0.96038 0.558637 0.0110935 0.0110935
1 0.0439778 0.325674 0.0118859 0.0110935
0 0.68225 0.555467 0.0110935 0.0110935
0 0.853804 0.571712 0.0103011 0.0103011
1 0.606973 0.596672 0.0110935 0.0110935
1 0.412837 0.122821 0.0110935 0.0110935
0 0.428685 0.672742 0.0110935 0.0110935
0 0.946513 0.944929 0.0118859 0.0118859
1 0.956815 0.33439 0.0118859 0.0110935
1 0.272187 0.656894 0.0118859 0.0110935
0 0.979398 0.0142631 0.0110935 0.0110935
1 0.793582 0.456815 0.0103011 0.0103011
0 0.524168 0.681854 0.0118859 0.0118859
0 0.885499 0.520998 0.0118859 0.0118859
0 0.450079 0.307449 0.0110935 0.0110935
0 0.306656 0.206022 0.0110935 0.0110935
0 0.596672 0.569731 0.0110935 0.0110935
1 0.903328 0.0792393 0.0126783 0.0126783
1 0.407686 0.715927 0.0118859 0.0118859
0 0.965135 0.316957 0.0110935 0.0110935
1 0.846276 0.594295 0.0110935 0.0110935
0 0.931062 0.0110935 0.0110935 0.0110935
1 0.466323 0.0368463 0.0118859 0.0118859
1 0.164818 0.717908 0.0110935 0.0110935
1 0.309033 0.429873 0.0110935 0.0118859
1 0.457211 0.797147 0.0110935 0.0110935
0 0.320127 0.206022 0.0110935 0.0110935
0 0.387084 0.371632 0.0118859 0.0126783
1 0.551109 0.714738 0.0118859 0.0110935
1 0.812995 0.480586 0.0110935 0.0118859
1 0.840729 0.385895 0.0110935 0.0110935
0 0.676307 0.0206022 0.0118859 0.0110935
0 0.921949 0.552298 0.0118859 0.0110935
1 0.663629 0.0487322 0.0118859 0.0118859
1 0.338748 0.48019 0.0118859 0.0110935
0 0.444136 0.0106973 0.0118859 0.0118859
1 0.396593 0.402536 0.0118859 0.0110935
0 0.837559 0.533677 0.0110935 0.0118859
1 0.909271 0.573296 0.0118859 0.0118859
1 0.824881 0.616878 0.0110935 0.0118859
0 0.586371 0.0324881 0.0110935 0.0110935
1 0.849842 0.113708 0.0118859 0.0118859
0 0.530903 0.417195 0.0110935 0.0118859
0 0.893423 0.775753 0.0118859 0.0110935
0 0.729002 0.0106973 0.0110935 0.0103011
0 0.422345 0.791601 0.0110935 0.0110935
0 0.68859 0.265452 0.0110935 0.0110935
1 0.672345 0.564976 0.0118859 0.0110935
0 0.319334 0.404913 0.0110935 0.0110935
1 0.559429 0.48019 0.0110935 0.0110935
0 0.128368 0.520206 0.0110935 0.0118859
0 0.793582 0.649366 0.0118859 0.0118859
0 0.641046 0.521395 0.0110935 0.0110935
1 0.804675 0.735341 0.0118859 0.0110935
0 0.931854 0.266244 0.0110935 0.0110935
1 0.880745 0.0669572 0.0118859 0.0118859
1 0.951268 0.601426 0.0118859 0.0110935
1 0.297544 0.225436 0.0118859 0.0118859
0 0.906894 0.309429 0.0118859 0.0118859
1 0.283281 0.341918 0.0118859 0.0118859
1 0.702853 0.0594295 0.0110935 0.0110935
0 0.833201 0.0297147 0.0118859 0.0118859
1 0.707211 0.583597 0.0118859 0.0118859
1 0.856577 0.369255 0.0110935 0.0110935
1 0.533677 0.225436 0.0118859 0.0118859
1 0.159667 0.0990491 0.0103011 0.0110935
1 0.908082 0.0717116 0.0126783 0.0118859
0 0.332805 0.431458 0.0110935 0.0103011
1 0.809033 0.823693 0.0126783 0.0118859
1 0.912044 0.0681458 0.0110935 0.0110935
1 0.438193 0.807845 0.0110935 0.0103011
1 0.731775 0.577655 0.0118859 0.0110935
1 0.601822 0.374802 0.0118859 0.0110935
1 0.086767 0.99168 0.0134707 0.0118859
1 0.414422 0.366878 0.0110935 0.0110935
0 0.282488 0.216323 0.0118859 0.0110935
0 0.349842 0.423534 0.0118859 0.0118859
0 0.626387 0.336371 0.0118859 0.0118859
0 0.964738 0.963946 0.0118859 0.0118859
1 0.14065 0.404913 0.0118859 0.0110935
1 0.836767 0.816957 0.0126783 0.0126783
1 0.328843 0.438986 0.0110935 0.0110935
1 0.52496 0.832409 0.0118859 0.0118859
0 0.877179 0.335975 0.0110935 0.0110935
0 0.79794 0.1771 0.0110935 0.0103011
0 0.962758 0.561014 0.0110935 0.0110935
1 0.965531 0.570919 0.0118859 0.0118859
0 0.359746 0.976228 0.0110935 0.0110935
1 0.0966719 0.480983 0.0110935 0.0110935
0 0.578447 0.806656 0.0110935 0.0110935
1 0.441759 0.348653 0.0118859 0.0110935
1 0.588748 0.808637 0.0126783 0.0118859
0 0.324485 0.574881 0.0118859 0.0118859
0 0.177892 0.702456 0.0118859 0.0118859
1 0.297147 0.317353 0.0110935 0.0103011
0 0.343899 0.547147 0.0110935 0.0118859
1 0.383914 0.980983 0.0118859 0.0110935
1 0.959588 0.969889 0.0110935 0.0110935
1 0.4687 0.71355 0.0118859 0.0118859
1 0.871236 0.341521 0.0118859 0.0110935
0 0.38233 0.520602 0.0118859 0.0110935
1 0.442948 0.70206 0.0110935 0.0110935
0 0.421553 0.355388 0.0110935 0.0103011
1 0.295959 0.987718 0.0118859 0.0103011
0 0.195325 0.0103011 0.0118859 0.0110935
1 0.0170364 0.666403 0.0118859 0.0110935
1 0.337956 0.990887 0.0134707 0.0118859
1 0.316561 0.214342 0.0118859 0.0118859
0 0.984152 0.569731 0.0110935 0.0110935
0 0.296751 0.292393 0.0118859 0.0126783
1 0.928685 0.956022 0.0126783 0.0118859
0 0.890254 0.0455626 0.0118859 0.0118859
1 0.419176 0.697702 0.0110935 0.0103011
0 0.639065 0.775357 0.0103011 0.0103011
1 0.984548 0.582805 0.0118859 0.0118859
0 0.817353 0.585975 0.0118859 0.0118859
1 0.349049 0.551109 0.0118859 0.0118859
0 0.694533 0.96355 0.0118859 0.0110935
0 0.878764 0.0459588 0.0126783 0.0126783
1 0.913629 0.322504 0.0110935 0.0110935
1 0.0911252 0.480983 0.0110935 0.0110935
0 0.864501 0.33439 0.0110935 0.0110935
1 0.890254 0.346672 0.0118859 0.0118859
1 0.930269 0.561014 0.0110935 0.0110935
1 0.5313 0.695325 0.0118859 0.0118859
0 0.538035 0.684628 0.0110935 0.0110935
0 0.438193 0.341521 0.0110935 0.0110935
1 0.911648 0.963154 0.0118859 0.0118859
0 0.467512 0.780111 0.0110935 0.0103011
1 0.804279 0.187797 0.0110935 0.0110935
0 0.452853 0.777338 0.0118859 0.0110935
1 0.3542 0.435024 0.0110935 0.0110935
0 0.93859 0.548336 0.0118859 0.0110935
0 0.396593 0.0756735 0.0118859 0.0118859
0 0.720681 0.569334 0.0118859 0.0118859
1 0.672345 0.969889 0.0118859 0.0110935
0 0.44691 0.694929 0.0110935 0.0110935
1 0.784865 0.22504 0.0118859 0.0126783
1 0.635895 0.341521 0.0118859 0.0110935
1 0.332409 0.58439 0.0118859 0.0118859
0 0.639065 0.0320919 0.0118859 0.0118859
1 0.328051 0.215531 0.0110935 0.0110935
0 0.852219 0.358162 0.0118859 0.0110935
0 0.818146 0.809429 0.0118859 0.0118859
1 0.788827 0.68542 0.0103011 0.0110935
1 0.955626 0.0847861 0.0110935 0.0110935
1 0.939778 0.0760697 0.0110935 0.0110935
1 0.458796 0.343106 0.0110935 0.0110935
1 0.432647 0.809033 0.0110935 0.0110935
1 0.973455 0.0530903 0.0103011 0.0110935
0 0.301902 0.28962 0.0126783 0.0118859
1 0.859746 0.622821 0.0110935 0.0110935
0 0.800713 0.433835 0.0103011 0.0103011
0 0.146593 0.0816165 0.0110935 0.0110935
0 0.948494 0.0697306 0.0110935 0.0110935
0 0.873613 0.0455626 0.0118859 0.0118859
0 0.048336 0.316957 0.0110935 0.0110935
0 0.786054 0.397385 0.0126783 0.0118859
1 0.840333 0.81775 0.0118859 0.0110935
1 0.608954 0.0689382 0.0118859 0.0110935
0 0.919176 0.950079 0.0110935 0.0110935
0 0.833597 0.358954 0.0110935 0.0110935
0 0.96038 0.558637 0.0110935 0.0110935
1 0.0439778 0.325674 0.0118859 0.0110935
0 0.68225 0.555467 0.0110935 0.0110935
0 0.853804 0.571712 0.0103011 0.0103011
1 0.606973 0.596672 0.0110935 0.0110935
1 0.412837 0.122821 0.0110935 0.0110935
0 0.428685 0.672742 0.0110935 0.0110935
0 0.946513 0.944929 0.0118859 0.0118859
1 0.956815 0.33439 0.0118859 0.0110935
1 0.272187 0.656894 0.0118859 0.0110935
0 0.979398 0.0142631 0.0110935 0.0110935
1 0.793582 0.456815 0.0103011 0.0103011
0 0.524168 0.681854 0.0118859 0.0118859
0 0.885499 0.520998 0.0118859 0.0118859
0 0.450079 0.307449 0.0110935 0.0110935
0 0.306656 0.206022 0.0110935 0.0110935
0 0.596672 0.569731 0.0110935 0.0110935
1 0.903328 0.0792393 0.0126783 0.0126783
1 0.407686 0.715927 0.0118859 0.0118859
0 0.965135 0.316957 0.0110935 0.0110935
1 0.846276 0.594295 0.0110935 0.0110935
0 0.931062 0.0110935 0.0110935 0.0110935
1 0.466323 0.0368463 0.0118859 0.0118859
1 0.164818 0.717908 0.0110935 0.0110935
1 0.309033 0.429873 0.0110935 0.0118859
1 0.457211 0.797147 0.0110935 0.0110935
0 0.320127 0.206022 0.0110935 0.0110935
0 0.387084 0.371632 0.0118859 0.0126783
1 0.551109 0.714738 0.0118859 0.0110935
1 0.812995 0.480586 0.0110935 0.0118859
1 0.840729 0.385895 0.0110935 0.0110935
0 0.676307 0.0206022 0.0118859 0.0110935
0 0.921949 0.552298 0.0118859 0.0110935
1 0.663629 0.0487322 0.0118859 0.0118859
1 0.338748 0.48019 0.0118859 0.0110935
0 0.444136 0.0106973 0.0118859 0.0118859
1 0.396593 0.402536 0.0118859 0.0110935
0 0.837559 0.533677 0.0110935 0.0118859
1 0.909271 0.573296 0.0118859 0.0118859
1 0.824881 0.616878 0.0110935 0.0118859
0 0.586371 0.0324881 0.0110935 0.0110935
1 0.849842 0.113708 0.0118859 0.0118859
0 0.530903 0.417195 0.0110935 0.0118859
0 0.893423 0.775753 0.0118859 0.0110935
0 0.729002 0.0106973 0.0110935 0.0103011
0 0.422345 0.791601 0.0110935 0.0110935
0 0.68859 0.265452 0.0110935 0.0110935
1 0.672345 0.564976 0.0118859 0.0110935
0 0.319334 0.404913 0.0110935 0.0110935
1 0.559429 0.48019 0.0110935 0.0110935
0 0.128368 0.520206 0.0110935 0.0118859
0 0.793582 0.649366 0.0118859 0.0118859
0 0.641046 0.521395 0.0110935 0.0110935
1 0.804675 0.735341 0.0118859 0.0110935
0 0.931854 0.266244 0.0110935 0.0110935
1 0.880745 0.0669572 0.0118859 0.0118859
1 0.951268 0.601426 0.0118859 0.0110935
1 0.297544 0.225436 0.0118859 0.0118859
0 0.906894 0.309429 0.0118859 0.0118859
1 0.283281 0.341918 0.0118859 0.0118859
1 0.702853 0.0594295 0.0110935 0.0110935
0 0.833201 0.0297147 0.0118859 0.0118859
1 0.707211 0.583597 0.0118859 0.0118859
1 0.856577 0.369255 0.0110935 0.0110935
1 0.533677 0.225436 0.0118859 0.0118859
1 0.159667 0.0990491 0.0103011 0.0110935
1 0.908082 0.0717116 0.0126783 0.0118859
0 0.332805 0.431458 0.0110935 0.0103011
1 0.809033 0.823693 0.0126783 0.0118859
1 0.912044 0.0681458 0.0110935 0.0110935
1 0.438193 0.807845 0.0110935 0.0103011
1 0.731775 0.577655 0.0118859 0.0110935
1 0.601822 0.374802 0.0118859 0.0110935
1 0.086767 0.99168 0.0134707 0.0118859
1 0.414422 0.366878 0.0110935 0.0110935
0 0.282488 0.216323 0.0118859 0.0110935
0 0.349842 0.423534 0.0118859 0.0118859
0 0.626387 0.336371 0.0118859 0.0118859
0 0.964738 0.963946 0.0118859 0.0118859
1 0.14065 0.404913 0.0118859 0.0110935
1 0.836767 0.816957 0.0126783 0.0126783
1 0.328843 0.438986 0.0110935 0.0110935
1 0.52496 0.832409 0.0118859 0.0118859
0 0.877179 0.335975 0.0110935 0.0110935
0 0.79794 0.1771 0.0110935 0.0103011
0 0.962758 0.561014 0.0110935 0.0110935
1 0.965531 0.570919 0.0118859 0.0118859
0 0.359746 0.976228 0.0110935 0.0110935
1 0.0966719 0.480983 0.0110935 0.0110935
0 0.578447 0.806656 0.0110935 0.0110935
1 0.441759 0.348653 0.0118859 0.0110935
1 0.588748 0.808637 0.0126783 0.0118859
0 0.324485 0.574881 0.0118859 0.0118859
0 0.177892 0.702456 0.0118859 0.0118859
1 0.297147 0.317353 0.0110935 0.0103011
0 0.343899 0.547147 0.0110935 0.0118859
1 0.383914 0.980983 0.0118859 0.0110935
1 0.959588 0.969889 0.0110935 0.0110935
1 0.4687 0.71355 0.0118859 0.0118859
1 0.871236 0.341521 0.0118859 0.0110935
0 0.38233 0.520602 0.0118859 0.0110935
1 0.442948 0.70206 0.0110935 0.0110935
0 0.421553 0.355388 0.0110935 0.0103011
1 0.295959 0.987718 0.0118859 0.0103011
0 0.195325 0.0103011 0.0118859 0.0110935
1 0.0170364 0.666403 0.0118859 0.0110935
1 0.337956 0.990887 0.0134707 0.0118859
1 0.316561 0.214342 0.0118859 0.0118859
0 0.984152 0.569731 0.0110935 0.0110935
0 0.296751 0.292393 0.0118859 0.0126783
1 0.928685 0.956022 0.0126783 0.0118859
0 0.890254 0.0455626 0.0118859 0.0118859
1 0.419176 0.697702 0.0110935 0.0103011
0 0.639065 0.775357 0.0103011 0.0103011
1 0.984548 0.582805 0.0118859 0.0118859
0 0.817353 0.585975 0.0118859 0.0118859
1 0.349049 0.551109 0.0118859 0.0118859
0 0.694533 0.96355 0.0118859 0.0110935
0 0.878764 0.0459588 0.0126783 0.0126783
1 0.913629 0.322504 0.0110935 0.0110935
1 0.0911252 0.480983 0.0110935 0.0110935
0 0.864501 0.33439 0.0110935 0.0110935
1 0.890254 0.346672 0.0118859 0.0118859
1 0.930269 0.561014 0.0110935 0.0110935
1 0.5313 0.695325 0.0118859 0.0118859
0 0.538035 0.684628 0.0110935 0.0110935
0 0.438193 0.341521 0.0110935 0.0110935
1 0.911648 0.963154 0.0118859 0.0118859
0 0.467512 0.780111 0.0110935 0.0103011
1 0.804279 0.187797 0.0110935 0.0110935
0 0.452853 0.777338 0.0118859 0.0110935
1 0.3542 0.435024 0.0110935 0.0110935
0 0.93859 0.548336 0.0118859 0.0110935
0 0.396593 0.0756735 0.0118859 0.0118859
0 0.720681 0.569334 0.0118859 0.0118859
1 0.672345 0.969889 0.0118859 0.0110935
0 0.44691 0.694929 0.0110935 0.0110935
1 0.784865 0.22504 0.0118859 0.0126783
1 0.635895 0.341521 0.0118859 0.0110935
1 0.332409 0.58439 0.0118859 0.0118859
0 0.639065 0.0320919 0.0118859 0.0118859
1 0.328051 0.215531 0.0110935 0.0110935
0 0.852219 0.358162 0.0118859 0.0110935
0 0.818146 0.809429 0.0118859 0.0118859
1 0.788827 0.68542 0.0103011 0.0110935
1 0.955626 0.0847861 0.0110935 0.0110935
1 0.939778 0.0760697 0.0110935 0.0110935
1 0.458796 0.343106 0.0110935 0.0110935
1 0.432647 0.809033 0.0110935 0.0110935
1 0.973455 0.0530903 0.0103011 0.0110935
0 0.301902 0.28962 0.0126783 0.0118859
1 0.859746 0.622821 0.0110935 0.0110935
0 0.800713 0.433835 0.0103011 0.0103011
0 0.146593 0.0816165 0.0110935 0.0110935
0 0.948494 0.0697306 0.0110935 0.0110935
0 0.873613 0.0455626 0.0118859 0.0118859
0 0.048336 0.316957 0.0110935 0.0110935
0 0.786054 0.397385 0.0126783 0.0118859
1 0.840333 0.81775 0.0118859 0.0110935
1 0.608954 0.0689382 0.0118859 0.0110935
0 0.919176 0.950079 0.0110935 0.0110935
0 0.833597 0.358954 0.0110935 0.0110935
0 0.96038 0.558637 0.0110935 0.0110935
1 0.0439778 0.325674 0.0118859 0.0110935
0 0.68225 0.555467 0.0110935 0.0110935
0 0.853804 0.571712 0.0103011 0.0103011
1 0.606973 0.596672 0.0110935 0.0110935
1 0.412837 0.122821 0.0110935 0.0110935
0 0.428685 0.672742 0.0110935 0.0110935
0 0.946513 0.944929 0.0118859 0.0118859
1 0.956815 0.33439 0.0118859 0.0110935
1 0.272187 0.656894 0.0118859 0.0110935
0 0.979398 0.0142631 0.0110935 0.0110935
1 0.793582 0.456815 0.0103011 0.0103011
0 0.524168 0.681854 0.0118859 0.0118859
0 0.885499 0.520998 0.0118859 0.0118859
0 0.450079 0.307449 0.0110935 0.0110935
0 0.306656 0.206022 0.0110935 0.0110935
0 0.596672 0.569731 0.0110935 0.0110935
1 0.903328 0.0792393 0.0126783 0.0126783
1 0.407686 0.715927 0.0118859 0.0118859
0 0.965135 0.316957 0.0110935 0.0110935
1 0.846276 0.594295 0.0110935 0.0110935
0 0.931062 0.0110935 0.0110935 0.0110935
1 0.466323 0.0368463 0.0118859 0.0118859
1 0.164818 0.717908 0.0110935 0.0110935
1 0.309033 0.429873 0.0110935 0.0118859
1 0.457211 0.797147 0.0110935 0.0110935
0 0.320127 0.206022 0.0110935 0.0110935
0 0.387084 0.371632 0.0118859 0.0126783
1 0.551109 0.714738 0.0118859 0.0110935
1 0.812995 0.480586 0.0110935 0.0118859
1 0.840729 0.385895 0.0110935 0.0110935
0 0.676307 0.0206022 0.0118859 0.0110935
0 0.921949 0.552298 0.0118859 0.0110935
1 0.663629 0.0487322 0.0118859 0.0118859
1 0.338748 0.48019 0.0118859 0.0110935
0 0.444136 0.0106973 0.0118859 0.0118859
1 0.396593 0.402536 0.0118859 0.0110935
0 0.837559 0.533677 0.0110935 0.0118859
1 0.909271 0.573296 0.0118859 0.0118859
1 0.824881 0.616878 0.0110935 0.0118859
0 0.586371 0.0324881 0.0110935 0.0110935
1 0.849842 0.113708 0.0118859 0.0118859
0 0.530903 0.417195 0.0110935 0.0118859
0 0.893423 0.775753 0.0118859 0.0110935
0 0.729002 0.0106973 0.0110935 0.0103011
0 0.422345 0.791601 0.0110935 0.0110935
0 0.68859 0.265452 0.0110935 0.0110935
1 0.672345 0.564976 0.0118859 0.0110935
0 0.319334 0.404913 0.0110935 0.0110935
1 0.559429 0.48019 0.0110935 0.0110935
0 0.128368 0.520206 0.0110935 0.0118859
0 0.793582 0.649366 0.0118859 0.0118859
0 0.641046 0.521395 0.0110935 0.0110935
1 0.804675 0.735341 0.0118859 0.0110935
0 0.931854 0.266244 0.0110935 0.0110935
1 0.880745 0.0669572 0.0118859 0.0118859
1 0.951268 0.601426 0.0118859 0.0110935
1 0.297544 0.225436 0.0118859 0.0118859
0 0.906894 0.309429 0.0118859 0.0118859
1 0.283281 0.341918 0.0118859 0.0118859
1 0.702853 0.0594295 0.0110935 0.0110935
0 0.833201 0.0297147 0.0118859 0.0118859
1 0.707211 0.583597 0.0118859 0.0118859
1 0.856577 0.369255 0.0110935 0.0110935
1 0.533677 0.225436 0.0118859 0.0118859
1 0.159667 0.0990491 0.0103011 0.0110935
