1 0.215135 0.982171 0.0118859 0.0118859
0 0.26664 0.396989 0.0118859 0.0110935
0 0.119255 0.818146 0.0118859 0.0103011
1 0.0253566 0.839937 0.0110935 0.0110935
0 0.156101 0.525357 0.0110935 0.0110935
1 0.69374 0.543978 0.0103011 0.0103011
1 0.0800317 0.364501 0.0110935 0.0110935
0 0.0978605 0.332013 0.0118859 0.0110935
0 0.137876 0.549525 0.0110935 0.0103011
1 0.0388273 0.670364 0.0110935 0.0110935
1 0.673138 0.886688 0.0103011 0.0110935
1 0.721078 0.957211 0.0110935 0.0110935
0 0.090729 0.0364501 0.0118859 0.0110935
1 0.26664 0.41046 0.0103011 0.0110935
1 0.975436 0.735341 0.0110935 0.0110935
1 0.893819 0.557052 0.0110935 0.0110935
0 0.0356577 0.666403 0.0110935 0.0110935
0 0.883518 0.554675 0.0110935 0.0110935
1 0.0935024 0.829636 0.0110935 0.0110935
1 0.124406 0.824089 0.0110935 0.0110935
0 0.39065 0.356181 0.0110935 0.0103011
1 0.0923138 0.0622029 0.0103011 0.0103011
0 0.175911 0.520998 0.0110935 0.0103011
1 0.528526 0.0657686 0.0110935 0.0110935
0 0.476624 0.546751 0.0118859 0.0110935
0 0.53328 0.0598257 0.0110935 0.0103011
1 0.143819 0.554675 0.0103011 0.0110935
0 0.714738 0.546355 0.0110935 0.0118859
0 0.907686 0.894612 0.0118859 0.0110935
1 0.122425 0.183835 0.0118859 0.0110935
0 0.561014 0.722662 0.0110935 0.0110935
1 0.160063 0.529715 0.0110935 0.0103011
1 0.0740887 0.36252 0.0103011 0.0103011
1 0.916403 0.89897 0.0118859 0.0118859
0 0.8229 0.41561 0.0103011 0.0103011
1 0.617274 0.599445 0.0110935 0.0118859
0 0.421949 0.32607 0.0118859 0.0118859
0 0.711569 0.163233 0.0110935 0.0110935
1 0.83439 0.419176 0.0110935 0.0110935
1 0.523376 0.393819 0.0118859 0.0110935
1 0.729398 0.981379 0.0118859 0.0118859
0 0.282884 0.657686 0.0110935 0.0110935
1 0.148574 0.179081 0.0103011 0.0110935
1 0.103803 0.174723 0.0110935 0.0118859
0 0.0340729 0.835182 0.0110935 0.0110935
1 0.391838 0.903328 0.0118859 0.0110935
1 0.278922 0.662837 0.0110935 0.0118859
1 0.793582 0.434231 0.0118859 0.0110935
1 0.0633914 0.843899 0.0110935 0.0110935
0 0.101426 0.815372 0.0110935 0.0110935
1 0.854992 0.0970681 0.0110935 0.0103011
1 0.429873 0.329636 0.0118859 0.0110935
0 0.203249 0.97504 0.0103011 0.0103011
1 0.714342 0.16878 0.0118859 0.0110935
1 0.545959 0.931458 0.0110935 0.0103011
0 0.198098 0.323296 0.0110935 0.0110935
0 0.626783 0.343106 0.0110935 0.0110935
0 0.849445 0.0919176 0.0110935 0.0110935
0 0.961965 0.0103011 0.0110935 0.0110935
1 0.090729 0.366482 0.0103011 0.0103011
1 0.582805 0.656498 0.0103011 0.0103011
1 0.629556 0.930269 0.0118859 0.0110935
0 0.654913 0.894216 0.0103011 0.0103011
0 0.208399 0.704437 0.0110935 0.0110935
0 0.0669572 0.352219 0.0103011 0.0103011
1 0.0479398 0.847861 0.0118859 0.0110935
1 0.311014 0.062599 0.0118859 0.0110935
1 0.587559 0.425119 0.0103011 0.0103011
1 0.571712 0.816165 0.0118859 0.0110935
0 0.0950872 0.0336767 0.0126783 0.0118859
0 0.618859 0.00990491 0.0110935 0.0103011
0 0.176704 0.775357 0.0110935 0.0118859
1 0.467908 0.553883 0.0118859 0.0110935
1 0.650555 0.352219 0.0110935 0.0118859
1 0.19374 0.338748 0.0103011 0.0103011
0 0.540412 0.646196 0.0110935 0.0118859
0 0.143027 0.168384 0.0118859 0.0118859
0 0.585182 0.0312995 0.0118859 0.0118859
1 0.633518 0.366086 0.0103011 0.0110935
0 0.657686 0.323296 0.0110935 0.0110935
1 0.652932 0.604596 0.0110935 0.0110935
0 0.0816165 0.354992 0.0110935 0.0110935
0 0.181062 0.114105 0.0118859 0.0110935
1 0.662044 0.918384 0.0118859 0.0110935
1 0.591918 0.810222 0.00950872 0.0103011
0 0.529319 0.38233 0.0110935 0.0103011
1 0.908875 0.0566561 0.0110935 0.0103011
0 0.730586 0.543582 0.0110935 0.0110935
1 0.527338 0.990095 0.0103011 0.0103011
0 0.541997 0.914422 0.0110935 0.0110935
0 0.337163 0.649366 0.0118859 0.0118859
1 0.684628 0.333597 0.0110935 0.0110935
0 0.587163 0.626387 0.0110935 0.0118859
1 0.827258 0.583597 0.0110935 0.0118859
1 0.64065 0.580428 0.0103011 0.0103011
1 0.306656 0.48019 0.0110935 0.0110935
1 0.272187 0.990491 0.0118859 0.0110935
0 0.700475 0.301902 0.0110935 0.0110935
1 0.0265452 0.679081 0.0118859 0.0110935
1 0.978605 0.479794 0.0110935 0.0103011
0 0.391046 0.557449 0.0103011 0.0103011
0 0.582409 0.77496 0.0110935 0.0110935
1 0.660856 0.225436 0.0110935 0.0118859
1 0.219097 0.48019 0.0118859 0.0110935
0 0.829239 0.931458 0.0118859 0.0118859
1 0.345483 0.666403 0.0110935 0.0110935
1 0.215135 0.715531 0.0103011 0.0110935
0 0.363312 0.0106973 0.0103011 0.0103011
0 0.599842 0.7813 0.0110935 0.0110935
0 0.112916 0.149366 0.0118859 0.0118859
0 0.639065 0.865293 0.0103011 0.0110935
0 0.401347 0.893027 0.0118859 0.0110935
0 0.685024 0.1771 0.0118859 0.0118859
0 0.680666 0.847464 0.0110935 0.0118859
0 0.679477 0.520602 0.0118859 0.0110935
1 0.0471474 0.0717116 0.0118859 0.0118859
0 0.329636 0.417591 0.0110935 0.0110935
1 0.722662 0.554675 0.0110935 0.0110935
0 0.89065 0.0356577 0.0110935 0.0110935
0 0.0586371 0.0103011 0.0110935 0.0110935
1 0.692155 0.201268 0.0118859 0.0110935
0 0.594691 0.406101 0.0103011 0.0103011
1 0.707211 0.313391 0.0103011 0.0103011
1 0.189778 0.146989 0.0103011 0.0103011
0 0.726228 0.266244 0.0103011 0.0110935
1 0.555864 0.480586 0.0118859 0.0118859
0 0.434231 0.521395 0.0110935 0.0110935
0 0.611331 0.574881 0.0118859 0.0118859
1 0.598257 0.697306 0.0110935 0.0110935
0 0.344691 0.77496 0.0110935 0.0110935
0 0.580032 0.375594 0.0110935 0.0110935
0 0.120444 0.314184 0.0110935 0.0103011
1 0.400951 0.578051 0.0110935 0.0103011
1 0.595087 0.0388273 0.0110935 0.0110935
0 0.706022 0.878764 0.0110935 0.0110935
1 0.0451664 0.423138 0.0110935 0.0110935
0 0.146593 0.315372 0.0110935 0.0110935
0 0.6458 0.343899 0.0110935 0.0110935
0 0.780507 0.776545 0.0110935 0.0110935
0 0.561807 0.789223 0.0110935 0.0110935
1 0.697306 0.904913 0.0110935 0.0110935
1 0.124406 0.591125 0.0110935 0.0110935
1 0.132726 0.352219 0.0118859 0.0118859
0 0.185024 0.265452 0.0118859 0.0110935
0 0.431458 0.861727 0.0118859 0.0118859
1 0.703645 0.56458 0.0110935 0.0118859
1 0.872029 0.990887 0.0118859 0.0103011
1 0.941363 0.0594295 0.0110935 0.0110935
1 0.417195 0.225436 0.0118859 0.0118859
0 0.942948 0.265848 0.0110935 0.0118859
0 0.0530903 0.652932 0.0110935 0.0110935
0 0.0412044 0.0419968 0.0110935 0.0110935
0 0.118463 0.580428 0.0118859 0.0118859
1 0.313391 0.735341 0.0118859 0.0110935
0 0.944533 0.805071 0.0110935 0.0110935
1 0.532884 0.66561 0.0118859 0.0126783
1 0.607765 0.445721 0.0110935 0.0118859
1 0.353803 0.45206 0.0103011 0.0103011
1 0.201664 0.735737 0.0118859 0.0118859
1 0.0784469 0.0855784 0.0110935 0.0110935
1 0.196117 0.990095 0.0103011 0.0103011
0 0.923138 0.0396197 0.0110935 0.0110935
1 0.553883 0.736133 0.0110935 0.0110935
1 0.132726 0.225436 0.0118859 0.0118859
1 0.554279 0.0736926 0.0118859 0.0110935
0 0.646196 0.562995 0.0103011 0.0103011
0 0.631537 0.5313 0.0110935 0.0118859
1 0.823296 0.164818 0.0110935 0.0110935
1 0.812599 0.952853 0.0118859 0.0118859
1 0.9687 0.86252 0.0118859 0.0118859
0 0.942155 0.520602 0.0110935 0.0110935
1 0.0669572 0.670364 0.0118859 0.0126783
1 0.164818 0.347464 0.0110935 0.0118859
1 0.406894 0.90729 0.0118859 0.0110935
