0 0.541601 0.131141 0.0118859 0.0118859
0 0.904913 0.346672 0.0110935 0.0103011
0 0.88233 0.391046 0.0118859 0.0118859
1 0.368859 0.103407 0.0103011 0.0103011
1 0.809033 0.710777 0.0110935 0.0110935
1 0.37401 0.579239 0.0126783 0.0126783
0 0.381537 0.574089 0.0134707 0.0118859
0 0.426307 0.297147 0.0110935 0.0110935
0 0.874009 0.401347 0.0110935 0.0103011
0 0.026149 0.0150555 0.0110935 0.0110935
0 0.623613 0.701268 0.0110935 0.0110935
1 0.426307 0.180269 0.0110935 0.0118859
1 0.80626 0.440571 0.0103011 0.0110935
0 0.790016 0.702853 0.0110935 0.0110935
1 0.787242 0.128764 0.0118859 0.0118859
0 0.822504 0.68859 0.0110935 0.0110935
0 0.883518 0.383518 0.0110935 0.0110935
0 0.473851 0.883914 0.0110935 0.0118859
1 0.860539 0.143423 0.0110935 0.0110935
0 0.389857 0.575277 0.0126783 0.0126783
0 0.364501 0.0796355 0.0110935 0.0103011
0 0.431458 0.167987 0.0118859 0.0110935
1 0.188193 0.305468 0.0118859 0.0118859
1 0.0911252 0.115689 0.0110935 0.0110935
0 0.206418 0.520998 0.0118859 0.0118859
0 0.854992 0.138273 0.0110935 0.0103011
1 0.455626 0.404913 0.0110935 0.0110935
0 0.318146 0.686609 0.0103011 0.0118859
1 0.96355 0.0301109 0.0110935 0.0110935
1 0.637084 0.706815 0.0110935 0.0110935
0 0.715927 0.0103011 0.0118859 0.0110935
0 0.810222 0.775357 0.0118859 0.0118859
1 0.887876 0.405705 0.0118859 0.0110935
0 0.78962 0.777734 0.0118859 0.0118859
1 0.270206 0.0416006 0.0110935 0.0103011
0 0.795563 0.122029 0.0110935 0.0110935
0 0.803487 0.68859 0.0110935 0.0110935
0 0.352219 0.571712 0.0118859 0.0118859
1 0.985341 0.02813 0.0118859 0.0118859
1 0.0309033 0.0198098 0.0110935 0.0110935
1 0.288431 0.973851 0.0110935 0.0110935
0 0.416799 0.295166 0.0110935 0.0103011
0 0.115689 0.565372 0.0126783 0.0118859
0 0.805467 0.405309 0.0103011 0.0103011
0 0.702456 0.358162 0.0118859 0.0110935
1 0.879556 0.41046 0.0110935 0.0110935
1 0.824485 0.398178 0.0103011 0.0103011
1 0.356973 0.128368 0.0103011 0.0110935
0 0.35103 0.108954 0.0110935 0.0103011
0 0.603804 0.972266 0.0110935 0.0110935
1 0.469097 0.894612 0.0110935 0.0110935
1 0.343899 0.33439 0.0110935 0.0110935
0 0.830032 0.372425 0.0118859 0.0110935
1 0.958796 0.562203 0.0110935 0.0103011
0 0.965135 0.5313 0.0110935 0.0118859
1 0.846672 0.735737 0.0118859 0.0118859
1 0.812995 0.708796 0.0110935 0.0103011
1 0.0134707 0.0340729 0.0110935 0.0110935
1 0.282092 0.370048 0.0110935 0.0110935
0 0.887876 0.871236 0.0118859 0.0118859
0 0.282884 0.96038 0.0110935 0.0110935
0 0.982964 0.563788 0.0118859 0.0118859
1 0.420364 0.920364 0.0118859 0.0118859
1 0.216323 0.225832 0.0110935 0.0110935
0 0.968304 0.811014 0.0110935 0.0118859
0 0.193344 0.299128 0.0110935 0.0103011
0 0.652932 0.698098 0.0110935 0.0110935
0 0.0396197 0.0103011 0.0110935 0.0110935
0 0.170364 0.293185 0.0110935 0.0110935
1 0.408479 0.599842 0.0118859 0.0126783
0 0.333994 0.0843899 0.0103011 0.0103011
1 0.442948 0.320127 0.0110935 0.0110935
0 0.209984 0.889857 0.0110935 0.0110935
1 0.79794 0.712361 0.0110935 0.0110935
0 0.0958796 0.106181 0.0110935 0.0110935
0 0.294374 0.0154517 0.0103011 0.0103011
0 0.448098 0.2813 0.0118859 0.0110935
1 0.586767 0.989303 0.0118859 0.0118859
1 0.728209 0.400158 0.0110935 0.0110935
0 0.377179 0.0693344 0.0110935 0.0103011
1 0.895404 0.908875 0.0110935 0.0110935
0 0.955626 0.0103011 0.0110935 0.0110935
0 0.56775 0.69691 0.0118859 0.0118859
0 0.402139 0.0954834 0.0118859 0.0118859
1 0.832805 0.990491 0.0110935 0.0110935
0 0.288431 0.355388 0.0110935 0.0103011
1 0.91878 0.725832 0.0118859 0.0110935
0 0.923138 0.85103 0.0110935 0.0110935
1 0.103407 0.11767 0.0103011 0.0103011
0 0.278526 0.0110935 0.0103011 0.0110935
1 0.307845 0.381141 0.0118859 0.0110935
0 0.276941 0.596276 0.0118859 0.0118859
0 0.460777 0.364501 0.0118859 0.0110935
0 0.909667 0.841125 0.0110935 0.0118859
1 0.615689 0.990887 0.0110935 0.0103011
0 0.465531 0.5313 0.0118859 0.0118859
0 0.538035 0.266244 0.0110935 0.0110935
1 0.938193 0.368859 0.0110935 0.0103011
0 0.451268 0.866086 0.0118859 0.0110935
0 0.898574 0.691759 0.0110935 0.0110935
1 0.0400158 0.990491 0.0103011 0.0110935
1 0.277734 0.989699 0.0118859 0.0110935
0 0.363708 0.919176 0.0110935 0.0110935
1 0.0732964 0.988114 0.0118859 0.0110935
1 0.393423 0.117274 0.0118859 0.0110935
1 0.696117 0.365293 0.0118859 0.0110935
0 0.150555 0.89065 0.0110935 0.0110935
1 0.421553 0.307449 0.0110935 0.0110935
1 0.439382 0.196513 0.0103011 0.0110935
1 0.822108 0.225436 0.0118859 0.0118859
0 0.957211 0.33439 0.0110935 0.0110935
0 0.81775 0.364897 0.0110935 0.0118859
1 0.344691 0.942155 0.0110935 0.0110935
0 0.711569 0.520998 0.0126783 0.0118859
0 0.391442 0.858162 0.0110935 0.0110935
0 0.675515 0.320523 0.0118859 0.0118859
0 0.0233756 0.614501 0.0118859 0.0118859
0 0.376783 0.266244 0.0118859 0.0110935
1 0.15412 0.310222 0.0118859 0.0118859
1 0.865293 0.979002 0.0110935 0.0103011
1 0.861331 0.480983 0.0110935 0.0110935
0 0.303487 0.925515 0.0110935 0.0110935
0 0.131141 0.265848 0.0118859 0.0118859
1 0.884707 0.709588 0.0118859 0.0118859
1 0.671553 0.722266 0.0118859 0.0118859
0 0.127179 0.0808241 0.0118859 0.0110935
1 0.98336 0.828051 0.0110935 0.0110935
1 0.456022 0.55309 0.0118859 0.0110935
0 0.445325 0.179873 0.0110935 0.0110935
0 0.578447 0.399366 0.0110935 0.0110935
1 0.288431 0.0400158 0.0110935 0.0103011
0 0.792393 0.265848 0.0110935 0.0118859
1 0.599445 0.735737 0.0118859 0.0118859
0 0.336767 0.930666 0.0110935 0.0118859
0 0.0570523 0.961965 0.0110935 0.0110935
1 0.841521 0.436609 0.0110935 0.0110935
1 0.162837 0.590333 0.0118859 0.0110935
1 0.916799 0.868067 0.0110935 0.0103011
0 0.951664 0.521791 0.0110935 0.0118859
1 0.324485 0.978209 0.0118859 0.0118859
1 0.310618 0.735341 0.0126783 0.0126783
1 0.692551 0.895404 0.0110935 0.0110935
1 0.561807 0.43859 0.0110935 0.0118859
0 0.330428 0.65412 0.0110935 0.0118859
1 0.344295 0.124802 0.0103011 0.0103011
0 0.446513 0.521395 0.0118859 0.0110935
0 0.868463 0.690174 0.0110935 0.0110935
0 0.847068 0.92393 0.0110935 0.0110935
1 0.325277 0.138669 0.0118859 0.0110935
1 0.176704 0.934231 0.0110935 0.0110935
1 0.973059 0.39065 0.0110935 0.0110935
0 0.33122 0.319334 0.0110935 0.0110935
0 0.847861 0.413629 0.0110935 0.0110935
1 0.0578447 0.735737 0.0110935 0.0118859
1 0.398178 0.326466 0.0118859 0.0110935
1 0.333994 0.671553 0.0118859 0.0118859
1 0.583597 0.225436 0.0118859 0.0118859
1 0.372029 0.934628 0.0103011 0.0103011
0 0.665214 0.863312 0.0118859 0.0118859
1 0.459984 0.225436 0.0118859 0.0118859
0 0.919176 0.306656 0.0110935 0.0110935
1 0.0582409 0.408479 0.0118859 0.0118859
1 0.607369 0.48019 0.0118859 0.0110935
1 0.935816 0.896196 0.0110935 0.0110935
