0 0.101823 0.608162 0.0118859 0.0118859
1 0.0550713 0.157686 0.0118859 0.0110935
0 0.148574 0.116482 0.0118859 0.0110935
1 0.714342 0.0245642 0.0118859 0.0110935
0 0.855784 0.152932 0.0110935 0.0110935
0 0.419968 0.0110935 0.0126783 0.0110935
1 0.789223 0.309826 0.0110935 0.0110935
0 0.657686 0.0106973 0.0110935 0.0103011
1 0.609746 0.349049 0.0118859 0.0118859
0 0.778922 0.927892 0.0110935 0.0110935
0 0.849842 0.544374 0.0118859 0.0110935
0 0.0697306 0.439778 0.0110935 0.0110935
0 0.686212 0.0114897 0.0126783 0.0118859
0 0.214342 0.0677496 0.0118859 0.0118859
1 0.989699 0.798732 0.0110935 0.0110935
0 0.448494 0.835975 0.0110935 0.0110935
0 0.173534 0.618859 0.0110935 0.0110935
1 0.945325 0.865689 0.0126783 0.0118859
1 0.216323 0.608558 0.0110935 0.0110935
1 0.919176 0.586371 0.0110935 0.0110935
0 0.591521 0.330032 0.0118859 0.0118859
1 0.597861 0.343899 0.0118859 0.0110935
1 0.0954834 0.447702 0.0103011 0.0110935
1 0.624406 0.0776545 0.0110935 0.0110935
0 0.412044 0.775753 0.0110935 0.0110935
0 0.545959 0.961965 0.0110935 0.0110935
0 0.634311 0.0471474 0.0118859 0.0118859
0 0.0431854 0.564184 0.0118859 0.0110935
0 0.31458 0.857765 0.0110935 0.0118859
1 0.0978605 0.635895 0.0118859 0.0118859
0 0.302298 0.520998 0.0103011 0.0103011
0 0.0622029 0.561014 0.0118859 0.0110935
0 0.925911 0.580824 0.0118859 0.0110935
1 0.530111 0.979002 0.0126783 0.0118859
1 0.201664 0.4687 0.0103011 0.0103011
1 0.0475436 0.191759 0.0110935 0.0110935
1 0.0312995 0.186609 0.0103011 0.0103011
1 0.862916 0.15729 0.0110935 0.0103011
1 0.582805 0.735737 0.0118859 0.0118859
1 0.784469 0.948891 0.0110935 0.0118859
1 0.591918 0.721078 0.0110935 0.0110935
1 0.66878 0.335975 0.0110935 0.0110935
0 0.587956 0.709192 0.0110935 0.0110935
1 0.555864 0.224643 0.0118859 0.0118859
1 0.851426 0.480586 0.0118859 0.0118859
1 0.308241 0.225832 0.0110935 0.0110935
1 0.638273 0.0554675 0.0103011 0.0110935
0 0.962361 0.794374 0.0118859 0.0118859
1 0.276941 0.549921 0.0118859 0.0110935
1 0.0229794 0.562203 0.0110935 0.0103011
0 0.880349 0.538827 0.0110935 0.0110935
1 0.6771 0.684628 0.0118859 0.0110935
1 0.333597 0.857765 0.0110935 0.0118859
0 0.088748 0.421553 0.0110935 0.0110935
0 0.0721078 0.437401 0.0110935 0.0110935
0 0.0376387 0.161648 0.0103011 0.0110935
1 0.570919 0.412441 0.0118859 0.0103011
1 0.106577 0.623613 0.0118859 0.0110935
0 0.392631 0.26664 0.0118859 0.0118859
0 0.568146 0.528526 0.0110935 0.0110935
1 0.888669 0.990491 0.0118859 0.0110935
0 0.866482 0.416403 0.0118859 0.0118859
1 0.713154 0.322504 0.0110935 0.0110935
0 0.950475 0.841918 0.0118859 0.0118859
0 0.202853 0.59588 0.0110935 0.0110935
0 0.720285 0.31141 0.0110935 0.0110935
1 0.953645 0.864897 0.0118859 0.0118859
1 0.358558 0.335975 0.0118859 0.0110935
0 0.793185 0.302694 0.0110935 0.0110935
1 0.0832013 0.451664 0.0110935 0.0110935
0 0.554675 0.521395 0.0110935 0.0110935
0 0.604596 0.327258 0.0110935 0.0110935
0 0.18225 0.426307 0.0110935 0.0110935
1 0.826862 0.566957 0.0118859 0.0118859
1 0.168384 0.448494 0.0118859 0.0110935
1 0.0190174 0.44374 0.0110935 0.0110935
0 0.952853 0.583201 0.0118859 0.0110935
0 0.0915214 0.597068 0.0118859 0.0118859
0 0.329239 0.844691 0.0118859 0.0110935
1 0.048336 0.577258 0.0126783 0.0118859
1 0.615293 0.0824089 0.0118859 0.0110935
1 0.354992 0.840333 0.0110935 0.0103011
1 0.0637876 0.448098 0.0118859 0.0118859
0 0.641046 0.681854 0.0110935 0.0118859
1 0.130745 0.48019 0.0110935 0.0110935
1 0.561014 0.547544 0.0110935 0.0110935
1 0.940571 0.157686 0.0110935 0.0110935
0 0.106577 0.422345 0.0118859 0.0110935
0 0.35103 0.328051 0.0110935 0.0110935
1 0.84271 0.849842 0.0118859 0.0118859
0 0.105784 0.826466 0.0118859 0.0110935
0 0.956815 0.139065 0.0118859 0.0118859
1 0.870444 0.827655 0.0103011 0.0103011
1 0.471474 0.873613 0.0110935 0.0118859
0 0.911252 0.860539 0.0110935 0.0110935
1 0.441759 0.856181 0.0118859 0.0118859
0 0.0297147 0.535658 0.0103011 0.0110935
1 0.178685 0.641046 0.0118859 0.0110935
0 0.855784 0.777734 0.0110935 0.0103011
1 0.64897 0.990491 0.0110935 0.0110935
1 0.91561 0.898178 0.0103011 0.0103011
1 0.953249 0.442155 0.0110935 0.0110935
1 0.360143 0.0792393 0.0118859 0.0110935
1 0.944929 0.595087 0.0118859 0.0110935
0 0.683439 0.841918 0.0118859 0.0118859
1 0.0150555 0.990095 0.00950872 0.0103011
0 0.799128 0.902932 0.0103011 0.0103011
0 0.525357 0.403328 0.0110935 0.0110935
0 0.928288 0.146593 0.0118859 0.0110935
1 0.14897 0.608954 0.0110935 0.0103011
1 0.700872 0.864501 0.0118859 0.0110935
0 0.0622029 0.135103 0.0118859 0.0118859
1 0.53328 0.561014 0.0110935 0.0110935
0 0.63748 0.265848 0.0118859 0.0118859
0 0.267433 0.4271 0.0118859 0.0110935
0 0.0150555 0.0138669 0.00950872 0.0103011
1 0.343502 0.735341 0.0118859 0.0110935
1 0.64897 0.691759 0.0110935 0.0110935
0 0.614501 0.779319 0.0118859 0.0118859
1 0.846276 0.16878 0.0110935 0.0110935
0 0.360539 0.708796 0.0110935 0.0103011
0 0.336767 0.0419968 0.0110935 0.0110935
0 0.872029 0.136688 0.0118859 0.0118859
0 0.0824089 0.176704 0.0110935 0.0110935
0 0.159271 0.59271 0.0110935 0.0110935
0 0.362916 0.823296 0.0110935 0.0110935
1 0.271395 0.990491 0.0118859 0.0110935
1 0.627971 0.72504 0.0118859 0.0110935
0 0.140254 0.57607 0.0110935 0.0110935
0 0.622029 0.062599 0.0110935 0.0110935
1 0.814976 0.965531 0.0118859 0.0118859
1 0.320127 0.867274 0.0110935 0.0118859
0 0.559429 0.377179 0.0110935 0.0110935
1 0.78328 0.144216 0.0118859 0.0110935
0 0.696117 0.616086 0.0118859 0.0118859
0 0.58122 0.0217908 0.0118859 0.0118859
0 0.608162 0.677892 0.0118859 0.0118859
1 0.559429 0.973059 0.0110935 0.0110935
0 0.931062 0.823296 0.0110935 0.0110935
1 0.129952 0.844691 0.0110935 0.0110935
0 0.877179 0.800713 0.0110935 0.0118859
0 0.818542 0.0729002 0.0110935 0.0110935
1 0.879952 0.428288 0.0118859 0.0118859
0 0.449683 0.265848 0.0118859 0.0118859
1 0.10103 0.225436 0.0118859 0.0118859
0 0.833597 0.776545 0.0110935 0.0110935
0 0.923534 0.384707 0.0118859 0.0118859
0 0.124802 0.110539 0.0118859 0.0118859
0 0.040412 0.381933 0.0110935 0.0110935
0 0.171157 0.0110935 0.0110935 0.0110935
0 0.696117 0.275357 0.0118859 0.0118859
1 0.298336 0.480983 0.0118859 0.0110935
0 0.667195 0.671157 0.0110935 0.0110935
1 0.192552 0.123217 0.0110935 0.0103011
1 0.540412 0.480586 0.0110935 0.0118859
0 0.98019 0.776149 0.0110935 0.0103011
1 0.976228 0.195721 0.0110935 0.0110935
0 0.151743 0.424723 0.0118859 0.0110935
0 0.343899 0.81775 0.0110935 0.0110935
0 0.166006 0.776149 0.0118859 0.0118859
0 0.454437 0.642235 0.0103011 0.0103011
1 0.37916 0.86252 0.0118859 0.0118859
1 0.13748 0.138669 0.0118859 0.0126783
1 0.290016 0.961965 0.0110935 0.0110935
1 0.425515 0.319334 0.0110935 0.0110935
1 0.0764659 0.203249 0.0118859 0.0118859
0 0.209984 0.0649762 0.0110935 0.0110935
1 0.902139 0.225436 0.0118859 0.0118859
1 0.377971 0.73336 0.0110935 0.0103011
0 0.280111 0.916403 0.0118859 0.0118859
