1 0.423138 0.316165 0.0110935 0.0110935
1 0.0530903 0.69374 0.0126783 0.0118859
0 0.801506 0.939778 0.0118859 0.0110935
1 0.792789 0.944136 0.0118859 0.0118859
0 0.689778 0.622029 0.0118859 0.0110935
1 0.325674 0.681062 0.0110935 0.0118859
0 0.89065 0.327258 0.0110935 0.0110935
1 0.778922 0.587559 0.0110935 0.0118859
1 0.776545 0.96038 0.0110935 0.0110935
0 0.939778 0.299128 0.0110935 0.0103011
1 0.901743 0.0396197 0.0110935 0.0110935
0 0.788827 0.129952 0.0103011 0.0110935
1 0.822504 0.48019 0.0110935 0.0126783
0 0.804675 0.582013 0.0103011 0.0103011
1 0.947306 0.307845 0.0103011 0.0103011
1 0.693344 0.295563 0.0110935 0.0110935
1 0.0142631 0.843899 0.0110935 0.0110935
0 0.282488 0.676704 0.0118859 0.0110935
0 0.413629 0.293185 0.0110935 0.0110935
0 0.474643 0.776545 0.0110935 0.0110935
1 0.0316957 0.843502 0.0110935 0.0103011
0 0.890254 0.0348653 0.0118859 0.0110935
0 0.0439778 0.691759 0.0118859 0.0110935
1 0.472266 0.297147 0.0110935 0.0110935
1 0.897385 0.33122 0.0103011 0.0110935
0 0.341125 0.340333 0.0118859 0.0118859
1 0.478209 0.538035 0.0103011 0.0110935
1 0.638273 0.664818 0.0118859 0.0110935
1 0.781696 0.134707 0.0103011 0.0110935
1 0.964342 0.289223 0.00950872 0.00950872
0 0.931062 0.521395 0.0110935 0.0110935
0 0.623217 0.650158 0.0118859 0.0118859
0 0.162837 0.776149 0.0118859 0.0118859
0 0.10103 0.818542 0.0118859 0.0110935
0 0.677892 0.833597 0.0118859 0.0110935
0 0.910856 0.299921 0.0103011 0.0103011
1 0.475436 0.225832 0.0110935 0.0110935
1 0.829239 0.990095 0.0103011 0.0103011
1 0.917987 0.530111 0.0118859 0.0110935
0 0.584786 0.697306 0.0110935 0.0110935
1 0.666006 0.84271 0.0118859 0.0118859
1 0.779319 0.463154 0.0118859 0.0118859
1 0.368463 0.643819 0.0110935 0.0103011
1 0.523772 0.480586 0.0126783 0.0118859
1 0.967116 0.180666 0.0103011 0.00950872
1 0.30309 0.684628 0.0118859 0.0110935
1 0.681062 0.627971 0.0118859 0.0118859
1 0.408875 0.12916 0.0110935 0.0110935
0 0.389857 0.131933 0.0110935 0.0118859
1 0.334786 0.351426 0.0118859 0.0118859
0 0.402536 0.106973 0.0110935 0.0110935
0 0.933835 0.0324881 0.0118859 0.0110935
1 0.146989 0.799921 0.0118859 0.0118859
0 0.570523 0.719493 0.0110935 0.0110935
1 0.588748 0.703249 0.0110935 0.0103011
1 0.311807 0.125198 0.0118859 0.0110935
1 0.4271 0.320919 0.0110935 0.0110935
1 0.135499 0.800317 0.0110935 0.0110935
0 0.909667 0.52496 0.0110935 0.0103011
1 0.694929 0.628368 0.0110935 0.0110935
0 0.797544 0.407686 0.0118859 0.0118859
0 0.324485 0.325277 0.0118859 0.0118859
0 0.128764 0.780111 0.0118859 0.0118859
0 0.86767 0.372029 0.0110935 0.0103011
1 0.860539 0.393423 0.0110935 0.0103011
0 0.364501 0.620048 0.0110935 0.0103011
0 0.967908 0.265055 0.0118859 0.0118859
1 0.105784 0.830032 0.0118859 0.0118859
0 0.420761 0.0958796 0.0110935 0.0110935
0 0.930269 0.29477 0.0110935 0.0110935
0 0.196117 0.833597 0.0118859 0.0110935
0 0.956022 0.267829 0.0118859 0.0110935
1 0.875594 0.404913 0.0110935 0.0110935
1 0.0962758 0.829636 0.0118859 0.0110935
0 0.667591 0.621236 0.0118859 0.0110935
1 0.564976 0.183835 0.0110935 0.0110935
1 0.443344 0.318938 0.0103011 0.0103011
1 0.217908 0.990491 0.0110935 0.0110935
0 0.0416006 0.835975 0.0118859 0.0110935
0 0.612916 0.376783 0.0118859 0.0118859
0 0.472266 0.520602 0.0110935 0.0110935
1 0.712361 0.226624 0.0110935 0.0110935
1 0.385103 0.146197 0.0110935 0.0103011
1 0.798732 0.161252 0.00950872 0.0103011
0 0.351822 0.143027 0.0110935 0.0103011
0 0.336767 0.776545 0.0110935 0.0110935
0 0.962361 0.154517 0.0103011 0.0110935
0 0.0784469 0.682647 0.0110935 0.0118859
0 0.142235 0.791204 0.0118859 0.0118859
0 0.416006 0.572108 0.0110935 0.0110935
0 0.333597 0.672742 0.0110935 0.0110935
0 0.29794 0.0966719 0.0110935 0.0110935
0 0.976228 0.146989 0.0110935 0.0103011
0 0.811014 0.401743 0.0118859 0.0110935
1 0.641046 0.66878 0.0110935 0.0110935
0 0.545563 0.902139 0.0103011 0.0103011
1 0.937005 0.313788 0.0118859 0.0110935
0 0.211965 0.265848 0.0118859 0.0118859
1 0.345087 0.735737 0.0118859 0.0118859
1 0.323693 0.683835 0.0118859 0.0110935
0 0.371236 0.122821 0.0103011 0.0110935
1 0.283677 0.990887 0.0110935 0.0103011
0 0.318542 0.110143 0.0110935 0.0110935
0 0.835182 0.114105 0.0110935 0.0110935
1 0.0316957 0.111727 0.0110935 0.0110935
0 0.78645 0.933043 0.0118859 0.0118859
1 0.437797 0.826862 0.0118859 0.0118859
1 0.694136 0.847068 0.0110935 0.0110935
0 0.921553 0.0103011 0.0110935 0.0110935
1 0.356973 0.164422 0.0103011 0.0103011
0 0.805071 0.12916 0.0110935 0.0110935
1 0.393819 0.1458 0.0110935 0.0110935
1 0.393027 0.335182 0.0110935 0.0110935
1 0.928685 0.0507132 0.0110935 0.0110935
0 0.561014 0.417591 0.0110935 0.0110935
0 0.388273 0.601822 0.0110935 0.0118859
1 0.394612 0.6458 0.0110935 0.0110935
1 0.283677 0.137084 0.0110935 0.0110935
0 0.448098 0.0103011 0.0118859 0.0110935
0 0.124802 0.13233 0.0118859 0.0110935
1 0.659667 0.844295 0.0118859 0.0118859
1 0.916799 0.309033 0.0110935 0.0110935
0 0.67393 0.290808 0.0118859 0.0110935
0 0.410063 0.290808 0.0118859 0.0110935
0 0.197306 0.530111 0.0110935 0.0110935
0 0.850634 0.542393 0.0118859 0.0118859
0 0.616086 0.813788 0.0118859 0.0110935
1 0.584786 0.454041 0.0110935 0.0110935
0 0.164025 0.286054 0.0110935 0.0110935
0 0.448891 0.54794 0.0103011 0.0103011
0 0.641442 0.799525 0.0118859 0.0110935
1 0.142235 0.146989 0.0118859 0.0118859
0 0.272979 0.0958796 0.0118859 0.0110935
1 0.622821 0.389857 0.0110935 0.0110935
1 0.608162 0.848257 0.0118859 0.0118859
1 0.430666 0.107765 0.0118859 0.0110935
1 0.874802 0.56458 0.0110935 0.0103011
1 0.189778 0.846276 0.0118859 0.0110935
0 0.66878 0.0103011 0.0110935 0.0110935
1 0.8229 0.599049 0.0103011 0.0110935
0 0.8542 0.35103 0.0110935 0.0110935
1 0.209984 0.569731 0.0110935 0.0110935
1 0.355388 0.818542 0.0103011 0.0110935
0 0.070523 0.793185 0.0110935 0.0110935
0 0.723059 0.194532 0.0118859 0.0118859
1 0.314184 0.36252 0.0118859 0.0118859
0 0.722266 0.790808 0.0118859 0.0110935
0 0.385499 0.800317 0.0118859 0.0110935
1 0.551506 0.921949 0.00950872 0.0103011
1 0.980983 0.353011 0.0110935 0.0103011
1 0.53645 0.990491 0.0110935 0.0110935
0 0.0546751 0.0942948 0.0110935 0.0110935
0 0.293185 0.316165 0.0110935 0.0110935
1 0.631537 0.833201 0.0110935 0.0118859
1 0.802694 0.420761 0.0110935 0.0110935
0 0.437401 0.305864 0.0110935 0.0110935
1 0.814184 0.169176 0.0118859 0.0118859
0 0.200475 0.0106973 0.0110935 0.0103011
0 0.715531 0.266244 0.0110935 0.0110935
0 0.0526941 0.324089 0.0118859 0.0110935
1 0.329239 0.215927 0.0118859 0.0118859
1 0.188193 0.302298 0.0118859 0.0118859
1 0.843106 0.138669 0.0110935 0.0110935
0 0.458399 0.265055 0.0118859 0.0118859
1 0.429081 0.58954 0.0103011 0.0110935
1 0.3542 0.39065 0.0110935 0.0110935
0 0.316957 0.656894 0.0110935 0.0110935
0 0.0178288 0.0883518 0.0103011 0.0103011
1 0.0641838 0.343899 0.0110935 0.0110935
1 0.0558637 0.866482 0.0118859 0.0118859
0 0.0871632 0.329239 0.0110935 0.0118859
1 0.109746 0.363708 0.0118859 0.0110935
1 0.561807 0.735737 0.0110935 0.0118859
0 0.583201 0.775753 0.0110935 0.0110935
1 0.0923138 0.722266 0.0118859 0.0118859
0 0.381141 0.31775 0.0110935 0.0110935
1 0.0903328 0.225832 0.0110935 0.0110935
