1 0.389857 0.40412 0.0110935 0.0110935
0 0.213154 0.0103011 0.0110935 0.0110935
1 0.633914 0.528526 0.0110935 0.0110935
1 0.303883 0.639065 0.0103011 0.0103011
0 0.637876 0.101426 0.0110935 0.0110935
1 0.850238 0.431458 0.0110935 0.0118859
0 0.378368 0.121632 0.0103011 0.0103011
0 0.470681 0.622425 0.0110935 0.0103011
1 0.381537 0.127179 0.0103011 0.0103011
0 0.642631 0.525357 0.0110935 0.0110935
1 0.113708 0.467908 0.0103011 0.0103011
0 0.2813 0.866482 0.0110935 0.0103011
1 0.268225 0.225832 0.0103011 0.0110935
0 0.534865 0.866878 0.0110935 0.0110935
1 0.474247 0.0309033 0.0103011 0.00950872
1 0.594691 0.450079 0.0103011 0.00950872
0 0.599049 0.445721 0.0110935 0.0103011
0 0.360935 0.417987 0.0103011 0.0103011
1 0.432647 0.408875 0.0110935 0.0110935
1 0.475436 0.366086 0.0110935 0.0110935
1 0.919572 0.0812203 0.0103011 0.0103011
1 0.713154 0.33439 0.0110935 0.0110935
1 0.43542 0.0455626 0.0103011 0.0103011
0 0.698494 0.775753 0.0118859 0.0110935
1 0.863312 0.118463 0.0118859 0.0118859
0 0.913629 0.0752773 0.00950872 0.00950872
1 0.422345 0.406498 0.0110935 0.0110935
0 0.841521 0.111727 0.0110935 0.0110935
1 0.731775 0.978209 0.0118859 0.0118859
0 0.46038 0.622821 0.0110935 0.0110935
1 0.871236 0.53645 0.0118859 0.0110935
1 0.888273 0.549525 0.0110935 0.0103011
1 0.830824 0.429477 0.0118859 0.0110935
1 0.949287 0.345483 0.0110935 0.0110935
1 0.956418 0.34588 0.0110935 0.0103011
1 0.937401 0.612124 0.0110935 0.0118859
0 0.379556 0.400158 0.0110935 0.0110935
0 0.123613 0.438193 0.0110935 0.0110935
1 0.360935 0.184231 0.0103011 0.0103011
1 0.39897 0.102615 0.0103011 0.0103011
1 0.845087 0.430666 0.0118859 0.0118859
0 0.560618 0.869255 0.0103011 0.0110935
0 0.726624 0.315372 0.0110935 0.0110935
0 0.409667 0.607369 0.0110935 0.0103011
0 0.921949 0.0574485 0.0103011 0.0103011
1 0.45523 0.0253566 0.0103011 0.0110935
1 0.2813 0.307845 0.0110935 0.0103011
0 0.405705 0.0843899 0.0110935 0.0103011
0 0.892235 0.106577 0.0110935 0.0103011
0 0.822504 0.638273 0.0110935 0.0103011
1 0.807449 0.676307 0.0110935 0.0103011
1 0.413629 0.114105 0.0110935 0.0110935
1 0.90412 0.167987 0.0110935 0.0110935
1 0.929081 0.0796355 0.0103011 0.0103011
0 0.35103 0.110143 0.0110935 0.0110935
0 0.163629 0.387084 0.0118859 0.0118859
1 0.127575 0.446513 0.0110935 0.0103011
0 0.623613 0.520602 0.0110935 0.0110935
1 0.468304 0.989699 0.0110935 0.0110935
0 0.574485 0.856973 0.0126783 0.0118859
0 0.449683 0.0162441 0.0103011 0.0103011
0 0.855388 0.416403 0.0103011 0.0103011
0 0.409667 0.367274 0.0126783 0.0118859
0 0.340729 0.671553 0.0110935 0.0118859
0 0.0328843 0.556656 0.0118859 0.0118859
0 0.335578 0.117274 0.0118859 0.0110935
1 0.351822 0.480586 0.0110935 0.0118859
1 0.293582 0.0871632 0.0103011 0.0110935
1 0.37084 0.446513 0.0110935 0.0103011
0 0.914818 0.380745 0.0103011 0.0103011
1 0.698098 0.591918 0.0110935 0.0110935
1 0.826466 0.645008 0.0110935 0.0110935
0 0.151347 0.0816165 0.0110935 0.0110935
0 0.332013 0.864105 0.0110935 0.0103011
0 0.97504 0.0106973 0.0103011 0.0103011
1 0.920761 0.40412 0.0110935 0.0110935
1 0.454834 0.630745 0.0110935 0.0110935
1 0.383914 0.431854 0.0103011 0.0110935
1 0.426704 0.622029 0.0103011 0.0110935
1 0.340729 0.12916 0.0110935 0.0110935
1 0.95206 0.596276 0.0103011 0.0103011
1 0.565769 0.877179 0.0110935 0.0110935
0 0.639461 0.810618 0.0110935 0.0110935
0 0.0998415 0.114105 0.0110935 0.0110935
1 0.201268 0.881141 0.0110935 0.0110935
0 0.944533 0.586371 0.0110935 0.0110935
0 0.179873 0.62084 0.0126783 0.0118859
1 0.022187 0.564184 0.0110935 0.0110935
1 0.458796 0.363708 0.0110935 0.0110935
0 0.804279 0.658082 0.0110935 0.0103011
0 0.467512 0.354596 0.0110935 0.0103011
1 0.882726 0.118859 0.0110935 0.0110935
0 0.924326 0.557845 0.0103011 0.0110935
1 0.122029 0.847464 0.0110935 0.0118859
1 0.909667 0.403328 0.0110935 0.0110935
0 0.4271 0.373613 0.0110935 0.0103011
0 0.299525 0.0796355 0.0110935 0.0103011
0 0.896196 0.524564 0.0110935 0.0110935
0 0.0427892 0.0760697 0.0110935 0.0110935
1 0.345483 0.879556 0.0110935 0.0110935
0 0.942948 0.30309 0.0110935 0.0103011
0 0.288431 0.265848 0.0110935 0.0118859
0 0.393027 0.0649762 0.0110935 0.0110935
0 0.207211 0.355388 0.0118859 0.0118859
0 0.87916 0.521395 0.0118859 0.0110935
0 0.977021 0.295563 0.0110935 0.0110935
0 0.707607 0.578051 0.0126783 0.0118859
0 0.96038 0.568938 0.0110935 0.0110935
1 0.648574 0.828051 0.0118859 0.0110935
1 0.669968 0.40729 0.0103011 0.0110935
0 0.445325 0.345087 0.0110935 0.0103011
1 0.812599 0.423534 0.0103011 0.0103011
1 0.149366 0.631537 0.0118859 0.0110935
0 0.956815 0.324881 0.0103011 0.0110935
1 0.310222 0.881933 0.0118859 0.0110935
1 0.832805 0.14065 0.0110935 0.0118859
0 0.703645 0.324881 0.0110935 0.0110935
0 0.376387 0.581616 0.0110935 0.0110935
1 0.180666 0.406894 0.0110935 0.0118859
0 0.669572 0.798732 0.0110935 0.0110935
1 0.338748 0.456022 0.0103011 0.0103011
1 0.0657686 0.991284 0.0110935 0.0110935
0 0.786846 0.265452 0.0110935 0.0110935
0 0.820523 0.386292 0.0118859 0.0118859
1 0.714738 0.989699 0.0126783 0.0126783
1 0.0998415 0.480586 0.0110935 0.0103011
1 0.913233 0.615689 0.0118859 0.0110935
0 0.44374 0.775753 0.0110935 0.0110935
0 0.183835 0.862916 0.0110935 0.0110935
0 0.320127 0.330428 0.0110935 0.0110935
1 0.344691 0.686212 0.0110935 0.0110935
1 0.781696 0.735341 0.0118859 0.0126783
0 0.288827 0.535262 0.0118859 0.0118859
1 0.525357 0.735341 0.0110935 0.0110935
0 0.83439 0.418384 0.0110935 0.0110935
0 0.108162 0.827655 0.0118859 0.0118859
0 0.725436 0.935024 0.0118859 0.0126783
0 0.885103 0.331616 0.0110935 0.0103011
1 0.681062 0.820523 0.0103011 0.0103011
1 0.963154 0.345483 0.0103011 0.0110935
0 0.0146593 0.805467 0.0118859 0.0103011
0 0.875594 0.0935024 0.0110935 0.0110935
0 0.469493 0.0106973 0.0103011 0.0103011
0 0.532092 0.265848 0.0118859 0.0118859
0 0.435024 0.597464 0.0110935 0.0110935
1 0.98019 0.615689 0.0110935 0.0110935
0 0.137084 0.829636 0.0110935 0.0110935
0 0.0471474 0.265452 0.0118859 0.0110935
1 0.870048 0.480983 0.0110935 0.0110935
1 0.594295 0.891046 0.0110935 0.0118859
0 0.130745 0.605388 0.0110935 0.0110935
1 0.402536 0.633122 0.0110935 0.0110935
1 0.162044 0.909667 0.0118859 0.0110935
1 0.124406 0.144612 0.0110935 0.0103011
0 0.946513 0.0400158 0.0103011 0.0103011
0 0.816957 0.115689 0.0110935 0.0110935
1 0.650951 0.131537 0.0103011 0.0110935
1 0.275753 0.5729 0.0110935 0.0110935
1 0.330428 0.735341 0.0110935 0.0110935
1 0.0792393 0.735737 0.0110935 0.0118859
1 0.31775 0.167195 0.0110935 0.0110935
1 0.617274 0.480586 0.0110935 0.0118859
1 0.161648 0.0919176 0.0110935 0.0110935
0 0.279319 0.0748811 0.0118859 0.0118859
1 0.55309 0.894612 0.0110935 0.0110935
1 0.0756735 0.145008 0.0118859 0.0110935
0 0.645008 0.360539 0.0110935 0.0110935
0 0.34588 0.439382 0.0103011 0.0103011
1 0.953645 0.0824089 0.0103011 0.0110935
