1 0.372821 0.0820127 0.0103011 0.0103011
1 0.328843 0.416403 0.0110935 0.0118859
0 0.307845 0.407686 0.0118859 0.0118859
0 0.938986 0.0871632 0.0110935 0.0110935
0 0.299128 0.411648 0.0118859 0.0118859
0 0.332409 0.41046 0.0118859 0.0110935
0 0.381933 0.301902 0.0110935 0.0110935
1 0.02813 0.190174 0.0118859 0.0110935
1 0.292393 0.450872 0.0110935 0.0110935
1 0.30626 0.416403 0.0118859 0.0118859
1 0.186609 0.296751 0.0118859 0.0118859
1 0.0736926 0.198098 0.0110935 0.0110935
1 0.585182 0.128368 0.0118859 0.0110935
0 0.0756735 0.40729 0.0118859 0.0110935
1 0.938193 0.465927 0.0110935 0.0110935
1 0.330032 0.0198098 0.0118859 0.0110935
0 0.050317 0.192552 0.0103011 0.0110935
0 0.944533 0.42393 0.0126783 0.0126783
0 0.70206 0.0570523 0.0110935 0.0110935
0 0.402536 0.0824089 0.0110935 0.0110935
0 0.0697306 0.18542 0.0110935 0.0110935
0 0.954834 0.44374 0.0110935 0.0110935
1 0.889065 0.164422 0.0110935 0.0103011
0 0.279319 0.43859 0.0118859 0.0118859
0 0.6458 0.139461 0.0110935 0.0110935
0 0.166006 0.0804279 0.0118859 0.0118859
1 0.714738 0.0673534 0.0110935 0.0110935
0 0.881141 0.150951 0.0110935 0.0103011
1 0.0958796 0.187797 0.0110935 0.0110935
1 0.799128 0.179873 0.0103011 0.0110935
0 0.0863708 0.169572 0.0110935 0.0110935
1 0.942551 0.0942948 0.0103011 0.0110935
0 0.322504 0.0110935 0.0110935 0.0110935
0 0.140254 0.0816165 0.0110935 0.0110935
1 0.0170364 0.479794 0.0118859 0.0118859
0 0.849445 0.127575 0.0110935 0.0110935
0 0.0340729 0.164025 0.0110935 0.0110935
1 0.272583 0.48019 0.0126783 0.0126783
0 0.569731 0.116086 0.0110935 0.0118859
0 0.323693 0.382726 0.0118859 0.0126783
1 0.962361 0.470681 0.0103011 0.0110935
0 0.338352 0.0150555 0.0110935 0.0110935
0 0.691363 0.454834 0.0118859 0.0110935
1 0.840333 0.141442 0.0103011 0.0103011
0 0.201268 0.0316957 0.0110935 0.0110935
1 0.0451664 0.200475 0.0110935 0.0110935
1 0.153724 0.0950872 0.0110935 0.0110935
1 0.210777 0.0499208 0.0110935 0.0110935
0 0.846672 0.300713 0.0118859 0.0118859
0 0.985737 0.414422 0.0110935 0.0110935
0 0.19691 0.291204 0.0118859 0.0118859
0 0.0190174 0.152932 0.0110935 0.0110935
1 0.662837 0.151743 0.0118859 0.0118859
1 0.461569 0.3542 0.0118859 0.0126783
0 0.875991 0.288431 0.0103011 0.0110935
1 0.551506 0.370444 0.0126783 0.0118859
0 0.808637 0.11767 0.0103011 0.0103011
1 0.8542 0.318146 0.0110935 0.0103011
1 0.674326 0.48019 0.0126783 0.0126783
0 0.469493 0.333597 0.0118859 0.0126783
0 0.931458 0.424326 0.0118859 0.0118859
1 0.393027 0.0994453 0.0110935 0.0118859
0 0.900951 0.143423 0.0110935 0.0110935
1 0.7813 0.225832 0.0110935 0.0110935
1 0.35103 0.477813 0.0126783 0.0126783
0 0.904913 0.265452 0.0110935 0.0110935
1 0.800713 0.381933 0.0103011 0.0110935
1 0.427496 0.105388 0.0118859 0.0110935
0 0.649762 0.265848 0.0110935 0.0118859
1 0.919968 0.479794 0.0126783 0.0118859
1 0.829636 0.164025 0.0110935 0.0110935
0 0.156101 0.265848 0.0110935 0.0118859
1 0.71355 0.471474 0.0118859 0.0110935
0 0.835578 0.128368 0.0103011 0.0110935
1 0.525357 0.225832 0.0110935 0.0110935
0 0.952456 0.0677496 0.0110935 0.0103011
0 0.45206 0.048336 0.0118859 0.0110935
1 0.426704 0.321315 0.0118859 0.0118859
1 0.910856 0.1771 0.0118859 0.0118859
0 0.397781 0.265452 0.0110935 0.0110935
0 0.793978 0.16878 0.0110935 0.0110935
1 0.872029 0.191363 0.0118859 0.0118859
0 0.440174 0.290412 0.0118859 0.0118859
1 0.0570523 0.225436 0.0126783 0.0118859
1 0.885895 0.310618 0.0110935 0.0110935
1 0.623217 0.171553 0.0118859 0.0118859
1 0.172345 0.0915214 0.0103011 0.0103011
1 0.963946 0.113708 0.0118859 0.0118859
0 0.598257 0.116878 0.0110935 0.0118859
1 0.10103 0.470285 0.0118859 0.0118859
